"id" "date" "base" "base_trend+meanShift" "base_mean_adj" "base_anomaly" "fit_of_base_anomaly" "annualC+meanShifts" "QM_adjusted" "fit_of_deseason_base"
1 1953-01-01 13.98 11.8601 9.4423 4.9377 3.6374 12.6797 8.7489 4.0902
2 1953-02-01 11.99 11.863 7.4523 3.0951 3.6403 12.5351 7.5061 4.0829
3 1953-03-01 13.02 11.8658 8.4823 3.7741 3.6431 12.889 8.0366 4.0756
4 1953-04-01 11.26 11.8687 6.7223 2.0593 3.646 12.8466 6.9852 4.0683
5 1953-05-01 12.21 11.8715 7.6723 3.7929 3.6488 12.0659 7.5819 4.061
6 1953-06-01 10.96 11.8744 6.4223 2.9397 3.6517 11.6719 6.7329 4.0537
7 1953-07-01 11.48 11.8772 6.9423 4.2711 3.6545 10.8634 7.1585 4.0464
8 1953-08-01 9.54 11.8801 5.0023 2.9079 3.6574 10.2894 5.5382 4.0392
9 1953-09-01 10.55 11.8829 6.0123 4.1515 3.6602 10.0587 6.3933 4.0319
10 1953-10-01 9.89 11.8858 5.3523 2.6655 3.663 10.8876 5.8659 4.0246
11 1953-11-01 15.23 11.8886 10.6923 6.4377 3.6659 12.4582 9.9148 4.0173
12 1953-12-01 13.74 11.8915 9.2023 4.1445 3.6687 13.2643 8.5688 4.01
13 1954-01-01 14.97 11.8943 10.4323 5.9277 3.6716 12.7138 9.6633 4.0027
14 1954-02-01 15.04 11.8972 10.5023 6.1451 3.6744 12.5693 9.7306 3.9954
15 1954-03-01 14.04 11.9 9.5023 4.7941 3.6773 12.9232 8.7922 3.9881
16 1954-04-01 14.53 11.9029 9.9923 5.3293 3.6801 12.8808 9.2606 3.9809
17 1954-05-01 12.93 11.9057 8.3923 4.5129 3.683 12.1001 8.0264 3.9736
18 1954-06-01 13.39 11.9086 8.8523 5.3697 3.6858 11.7061 8.3763 3.9663
19 1954-07-01 11.46 11.9114 6.9223 4.2511 3.6887 10.8975 7.1608 3.959
20 1954-08-01 9.59 11.9143 5.0523 2.9579 3.6915 10.3236 5.5843 3.9517
21 1954-09-01 9.17 11.9171 4.6323 2.7715 3.6944 10.0929 5.1858 3.9444
22 1954-10-01 10.86 11.92 6.3223 3.6355 3.6972 10.9217 6.6593 3.9371
23 1954-11-01 11.82 11.9228 7.2823 3.0277 3.7001 12.4923 7.4049 3.9298
24 1954-12-01 14.29 11.9256 9.7523 4.6945 3.7029 13.2984 9.0346 3.9225
25 1955-01-01 10.99 11.9285 6.4523 1.9477 3.7058 12.748 6.7739 3.9153
26 1955-02-01 13 11.9313 8.4623 4.1051 3.7086 12.6035 8.08 3.908
27 1955-03-01 15.78 11.9342 11.2423 6.5341 3.7115 12.9573 10.4621 3.9007
28 1955-04-01 15.89 11.937 11.3523 6.6893 3.7143 12.915 10.5719 3.8934
29 1955-05-01 13.63 11.9399 9.0923 5.2129 3.7172 12.1342 8.5452 3.8861
30 1955-06-01 11.43 11.9427 6.8923 3.4097 3.72 11.7403 7.1374 3.8788
31 1955-07-01 10.53 11.9456 5.9923 3.3211 3.7229 10.9317 6.3791 3.8715
32 1955-08-01 10.84 11.9484 6.3023 4.2079 3.7257 10.3578 6.6477 3.8642
33 1955-09-01 10.17 11.9513 5.6323 3.7715 3.7285 10.127 6.1064 3.857
34 1955-10-01 12.41 11.9541 7.8723 5.1855 3.7314 10.9559 7.7304 3.8497
35 1955-11-01 15.92 11.957 11.3823 7.1277 3.7342 12.5265 10.6019 3.8424
36 1955-12-01 15.69 11.9598 11.1523 6.0945 3.7371 13.3326 10.3727 3.8351
37 1956-01-01 14.09 11.9627 9.5523 5.0477 3.7399 12.7822 8.8504 3.8278
38 1956-02-01 14.62 11.9655 10.0823 5.7251 3.7428 12.6376 9.3384 3.8205
39 1956-03-01 15.15 11.9684 10.6123 5.9041 3.7456 12.9915 9.8383 3.8132
40 1956-04-01 13.65 11.9712 9.1123 4.4493 3.7485 12.9491 8.5928 3.8059
41 1956-05-01 12.38 11.9741 7.8423 3.9629 3.7513 12.1684 7.7349 3.7986
42 1956-06-01 12.58 11.9769 8.0423 4.5597 3.7542 11.7745 7.8481 3.7914
43 1956-07-01 10.65 11.9798 6.1123 3.4411 3.757 10.9659 6.4876 3.7841
44 1956-08-01 9.2 11.9826 4.6623 2.5679 3.7599 10.3919 5.2178 3.7768
45 1956-09-01 10.5 11.9855 5.9623 4.1015 3.7627 10.1612 6.361 3.7695
46 1956-10-01 12.73 11.9883 8.1923 5.5055 3.7656 10.9901 7.9283 3.7622
47 1956-11-01 10.21 11.9911 5.6723 1.4177 3.7684 12.5607 6.1403 3.7549
48 1956-12-01 15.03 11.994 10.4923 5.4345 3.7713 13.3668 9.7299 3.7476
49 1957-01-01 12.95 11.9968 8.4123 3.9077 3.7741 12.8164 8.1138 3.7403
50 1957-02-01 14.03 11.9997 9.4923 5.1351 3.777 12.6718 8.8173 3.7331
51 1957-03-01 13.84 12.0025 9.3023 4.5941 3.7798 13.0257 8.6801 3.7258
52 1957-04-01 13.01 12.0054 8.4723 3.8093 3.7827 12.9833 8.123 3.7185
53 1957-05-01 10.44 12.0082 5.9023 2.0229 3.7855 12.2026 6.3259 3.7112
54 1957-06-01 13 12.0111 8.4623 4.9797 3.7884 11.8086 8.1298 3.7039
55 1957-07-01 12.16 12.0139 7.6223 4.9511 3.7912 11.0001 7.6612 3.6966
56 1957-08-01 9.83 12.0168 5.2923 3.1979 3.794 10.4261 5.8109 3.6893
57 1957-09-01 8.83 12.0196 4.2923 2.4315 3.7969 10.1954 4.8544 3.682
58 1957-10-01 11.72 12.0225 7.1823 4.4955 3.7997 11.0243 7.3813 3.6747
59 1957-11-01 10.53 12.0253 5.9923 1.7377 3.8026 12.5949 6.4033 3.6675
60 1957-12-01 17.26 12.0282 12.7223 7.6645 3.8054 13.401 11.9427 3.6602
61 1958-01-01 13.28 12.031 8.7423 4.2377 3.8083 12.8505 8.2813 3.6529
62 1958-02-01 11.15 12.0339 6.6123 2.2551 3.8111 12.706 6.9154 3.6456
63 1958-03-01 12.26 12.0367 7.7223 3.0141 3.814 13.0598 7.6821 3.6383
64 1958-04-01 15.1 12.0396 10.5623 5.8993 3.8168 13.0175 9.7964 3.631
65 1958-05-01 10.98 12.0424 6.4423 2.5629 3.8197 12.2368 6.7834 3.6237
66 1958-06-01 10.45 12.0453 5.9123 2.4297 3.8225 11.8428 6.3423 3.6164
67 1958-07-01 9.76 12.0481 5.2223 2.5511 3.8254 11.0342 5.7501 3.6092
68 1958-08-01 11.13 12.051 6.5923 4.4979 3.8282 10.4603 6.9102 3.6019
69 1958-09-01 11.52 12.0538 6.9823 5.1215 3.8311 10.2296 7.2337 3.5946
70 1958-10-01 10.22 12.0566 5.6823 2.9955 3.8339 11.0584 6.1684 3.5873
71 1958-11-01 13.68 12.0595 9.1423 4.8877 3.8368 12.629 8.637 3.58
72 1958-12-01 13.8 12.0623 9.2623 4.2045 3.8396 13.4351 8.6761 3.5727
73 1959-01-01 15.58 12.0652 11.0423 6.5377 3.8425 12.8847 10.2636 3.5654
74 1959-02-01 14.7 12.068 10.1623 5.8051 3.8453 12.7402 9.4243 3.5581
75 1959-03-01 14.89 12.0709 10.3523 5.6441 3.8482 13.094 9.6031 3.5508
76 1959-04-01 14.09 12.0737 9.5523 4.8893 3.851 13.0517 8.8871 3.5436
77 1959-05-01 12.71 12.0766 8.1723 4.2929 3.8539 12.2709 7.9432 3.5363
78 1959-06-01 11.69 12.0794 7.1523 3.6697 3.8567 11.877 7.3601 3.529
79 1959-07-01 10.26 12.0823 5.7223 3.0511 3.8595 11.0684 6.2025 3.5217
80 1959-08-01 12.12 12.0851 7.5823 5.4879 3.8624 10.4945 7.6648 3.5144
81 1959-09-01 11.64 12.088 7.1023 5.2415 3.8652 10.2637 7.3263 3.5071
82 1959-10-01 10.46 12.0908 5.9223 3.2355 3.8681 11.0926 6.3651 3.4998
83 1959-11-01 13.85 12.0937 9.3123 5.0577 3.8709 12.6632 8.7138 3.4925
84 1959-12-01 11.92 12.0965 7.3823 2.3245 3.8738 13.4693 7.5294 3.4852
85 1960-01-01 13.87 12.0994 9.3323 4.8277 3.8766 12.9189 8.7217 3.478
86 1960-02-01 15 12.1022 10.4623 6.1051 3.8795 12.7743 9.7082 3.4707
87 1960-03-01 15.08 12.1051 10.5423 5.8341 3.8823 13.1282 9.7838 3.4634
88 1960-04-01 14.16 12.1079 9.6223 4.9593 3.8852 13.0858 8.9379 3.4561
89 1960-05-01 13.18 12.1108 8.6423 4.7629 3.888 12.3051 8.2438 3.4488
90 1960-06-01 11.84 12.1136 7.3023 3.8197 3.8909 11.9112 7.492 3.4415
91 1960-07-01 9.83 12.1165 5.2923 2.6211 3.8937 11.1026 5.8156 3.4342
92 1960-08-01 11.67 12.1193 7.1323 5.0379 3.8966 10.5286 7.3638 3.4269
93 1960-09-01 10.38 12.1221 5.8423 3.9815 3.8994 10.2979 6.2978 3.4197
94 1960-10-01 10.63 12.125 6.0923 3.4055 3.9023 11.1268 6.4971 3.4124
95 1960-11-01 12.04 12.1278 7.5023 3.2477 3.9051 12.6974 7.612 3.4051
96 1960-12-01 10.44 12.1307 5.9023 0.8445 3.908 13.5035 6.3514 3.3978
97 1961-01-01 12.07 12.1335 7.5323 3.0277 3.9108 12.9531 7.6286 3.3905
98 1961-02-01 16.2 12.1364 11.6623 7.3051 3.9137 12.8085 10.8822 3.3832
99 1961-03-01 13.83 12.1392 9.2923 4.5841 3.9165 13.1624 8.7319 3.3759
100 1961-04-01 13.28 12.1421 8.7423 4.0793 3.9194 13.12 8.3278 3.3686
101 1961-05-01 10.94 12.1449 6.4023 2.5229 3.9222 12.3393 6.7669 3.3613
102 1961-06-01 12.04 12.1478 7.5023 4.0197 3.925 11.9453 7.6374 3.3541
103 1961-07-01 10.6 12.1506 6.0623 3.3911 3.9279 11.1368 6.4796 3.3468
104 1961-08-01 10.26 12.1535 5.7223 3.6279 3.9307 10.5628 6.2199 3.3395
105 1961-09-01 11.34 12.1563 6.8023 4.9415 3.9336 10.3321 7.0976 3.3322
106 1961-10-01 12.98 12.1592 8.4423 5.7555 3.9364 11.161 8.161 3.3249
107 1961-11-01 12.24 12.162 7.7023 3.4477 3.9393 12.7316 7.7707 3.3176
108 1961-12-01 14.63 12.1649 10.0923 5.0345 3.9421 13.5377 9.3673 3.3103
109 1962-01-01 12.44 12.1677 7.9023 3.3977 3.945 12.9872 7.8288 3.303
110 1962-02-01 11.4 12.1706 6.8623 2.5051 3.9478 12.8427 7.1494 3.2958
111 1962-03-01 11.42 12.1734 6.8823 2.1741 3.9507 13.1965 7.165 3.2885
112 1962-04-01 12.79 12.1763 8.2523 3.5893 3.9535 13.1542 8.0406 3.2812
113 1962-05-01 12.38 12.1791 7.8423 3.9629 3.9564 12.3735 7.8346 3.2739
114 1962-06-01 11.39 12.182 6.8523 3.3697 3.9592 11.9795 7.1436 3.2666
115 1962-07-01 9.75 12.1848 5.2123 2.5411 3.9621 11.1709 5.7553 3.2593
116 1962-08-01 9.14 12.1876 4.6023 2.5079 3.9649 10.597 5.1621 3.252
117 1962-09-01 9.81 12.1905 5.2723 3.4115 3.9678 10.3663 5.8119 3.2447
118 1962-10-01 11.55 12.1933 7.0123 4.3255 3.9706 11.1951 7.2856 3.2374
119 1962-11-01 13.71 12.1962 9.1723 4.9177 3.9735 12.7657 8.6815 3.2302
120 1962-12-01 11.95 12.199 7.4123 2.3545 3.9763 13.5718 7.5818 3.2229
121 1963-01-01 12.41 12.2019 7.8723 3.3677 3.9792 13.0214 7.8485 3.2156
122 1963-02-01 10.89 12.2047 6.3523 1.9951 3.982 12.8769 6.7222 3.2083
123 1963-03-01 12.89 12.2076 8.3523 3.6441 3.9849 13.2307 8.1057 3.201
124 1963-04-01 12.03 12.2104 7.4923 2.8293 3.9877 13.1884 7.6509 3.1937
125 1963-05-01 12.66 12.2133 8.1223 4.2429 3.9905 12.4076 7.9977 3.1864
126 1963-06-01 12.37 12.2161 7.8323 4.3497 3.9934 12.0137 7.8559 3.1791
127 1963-07-01 11.03 12.219 6.4923 3.8211 3.9962 11.2051 6.8517 3.1719
128 1963-08-01 8.86 12.2218 4.3223 2.2279 3.9991 10.6312 4.8848 3.1646
129 1963-09-01 9.13 12.2247 4.5923 2.7315 4.0019 10.4004 5.1531 3.1573
130 1963-10-01 10.81 12.2275 6.2723 3.5855 4.0048 11.2293 6.665 3.15
131 1963-11-01 14.17 12.2304 9.6323 5.3777 4.0076 12.7999 8.9878 3.1427
132 1963-12-01 10.35 12.2332 5.8123 0.7545 4.0105 13.606 6.3042 3.1354
133 1964-01-01 15.56 12.2361 11.0223 6.5177 4.0133 13.0556 10.2464 3.1281
134 1964-02-01 12.83 12.2389 8.2923 3.9351 4.0162 12.911 8.1156 3.1208
135 1964-03-01 13.38 12.2418 8.8423 4.1341 4.019 13.2649 8.4121 3.1135
136 1964-04-01 14.23 12.2446 9.6923 5.0293 4.0219 13.2225 9.0372 3.1063
137 1964-05-01 11.98 12.2475 7.4423 3.5629 4.0247 12.4418 7.6222 3.099
138 1964-06-01 11.23 12.2503 6.6923 3.2097 4.0276 12.0479 7.0214 3.0917
139 1964-07-01 9.24 12.2531 4.7023 2.0311 4.0304 11.2393 5.2609 3.0844
140 1964-08-01 10.49 12.256 5.9523 3.8579 4.0333 10.6653 6.414 3.0771
141 1964-09-01 9.11 12.2588 4.5723 2.7115 4.0361 10.4346 5.1339 3.0698
142 1964-10-01 8.15 12.2617 3.6123 0.9255 4.039 11.2635 4.1748 3.0625
143 1964-11-01 8.89 12.2645 4.3523 0.0977 4.0418 12.8341 4.915 3.0552
144 1964-12-01 12.8 12.2674 8.2623 3.2045 4.0447 13.6402 8.103 3.048
145 1965-01-01 10.64 12.2702 6.1023 1.5977 4.0475 13.0898 6.5387 3.0407
146 1965-02-01 11.65 12.2731 7.1123 2.7551 4.0504 12.9452 7.3805 3.0334
147 1965-03-01 10.35 12.2759 5.8123 1.1041 4.0532 13.2991 6.3154 3.0261
148 1965-04-01 11.23 12.2788 6.6923 2.0293 4.056 13.2567 7.0253 3.0188
149 1965-05-01 11.55 12.2816 7.0123 3.1329 4.0589 12.476 7.2904 3.0115
150 1965-06-01 11.38 12.2845 6.8423 3.3597 4.0617 12.082 7.1492 3.0042
151 1965-07-01 9.79 12.2873 5.2523 2.5811 4.0646 11.2735 5.7983 2.9969
152 1965-08-01 9.56 12.2902 5.0223 2.9279 4.0674 10.6995 5.5736 2.9896
153 1965-09-01 9.45 12.293 4.9123 3.0515 4.0703 10.4688 5.4695 2.9824
154 1965-10-01 11.13 12.2959 6.5923 3.9055 4.0731 11.2977 6.9469 2.9751
155 1965-11-01 11.19 12.2987 6.6523 2.3977 4.076 12.8682 7.0022 2.9678
156 1965-12-01 14 12.3016 9.4623 4.4045 4.0788 13.6744 8.8888 2.9605
157 1966-01-01 13.28 12.3044 8.7423 4.2377 4.0817 13.1239 8.4267 2.9532
158 1966-02-01 11.46 12.3073 6.9223 2.5651 4.0845 12.9794 7.2216 2.9459
159 1966-03-01 14 12.3101 9.4623 4.7541 4.0874 13.3332 8.9288 2.9386
160 1966-04-01 12.48 12.313 7.9423 3.2793 4.0902 13.2909 7.9504 2.9313
161 1966-05-01 12.54 12.3158 8.0023 4.1229 4.0931 12.5101 7.9456 2.924
162 1966-06-01 11.4 12.3186 6.8623 3.3797 4.0959 12.1162 7.1766 2.9168
163 1966-07-01 9.73 12.3215 5.1923 2.5211 4.0988 11.3076 5.7411 2.9095
164 1966-08-01 10.33 12.3243 5.7923 3.6979 4.1016 10.7337 6.3008 2.9022
165 1966-09-01 8.75 12.3272 4.2123 2.3515 4.1045 10.503 4.7749 2.8949
166 1966-10-01 11.36 12.33 6.8223 4.1355 4.1073 11.3318 7.1477 2.8876
167 1966-11-01 11.78 12.3329 7.2423 2.9877 4.1102 12.9024 7.4996 2.8803
168 1966-12-01 14.38 12.7785 9.3995 4.7845 4.5557 14.1513 8.9208 2.873
169 1967-01-01 14.52 12.7813 9.5395 5.4777 4.5586 13.6008 8.728 2.8657
170 1967-02-01 14.39 12.7842 9.4095 5.4951 4.5614 13.4563 8.7602 2.8585
171 1967-03-01 16.8 12.787 11.8195 7.5541 4.5643 13.8102 10.6606 2.8512
172 1967-04-01 13.05 12.7899 8.0695 3.8493 4.5671 13.7678 8.3159 2.8439
173 1967-05-01 12.49 12.7927 7.5095 4.0729 4.57 12.9871 7.8313 2.8366
174 1967-06-01 10.26 12.7956 5.2795 2.2397 4.5728 12.5931 5.5818 2.8293
175 1967-07-01 12.3 12.7984 7.3195 5.0911 4.5757 11.7845 7.6467 2.822
176 1967-08-01 10.12 12.8013 5.1395 3.4879 4.5785 11.2106 5.4409 2.8147
177 1967-09-01 11.02 12.8041 6.0395 4.6215 4.5814 10.9799 6.3731 2.8074
178 1967-10-01 14.1 12.8069 9.1195 6.8755 4.5842 11.8087 8.8104 2.8001
179 1967-11-01 12.23 12.8098 7.2495 3.4377 4.5871 13.3793 7.5801 2.7929
180 1967-12-01 17.14 12.8126 12.1595 7.5445 4.5899 14.1854 10.9501 2.7856
181 1968-01-01 17.44 12.8155 12.4595 8.3977 4.5928 13.635 11.2298 2.7783
182 1968-02-01 13.43 12.8183 8.4495 4.5351 4.5956 13.4905 8.3001 2.771
183 1968-03-01 12.73 12.8212 7.7495 3.4841 4.5985 13.8443 8.0344 2.7637
184 1968-04-01 15.35 12.824 10.3695 6.1493 4.6013 13.802 9.2946 2.7564
185 1968-05-01 12.54 12.8269 7.5595 4.1229 4.6042 13.0212 7.8777 2.7491
186 1968-06-01 12.63 12.8297 7.6495 4.6097 4.607 12.6273 7.9568 2.7418
187 1968-07-01 10.88 12.8326 5.8995 3.6711 4.6099 11.8187 6.2166 2.7346
188 1968-08-01 10.52 12.8354 5.5395 3.8879 4.6127 11.2448 5.8437 2.7273
189 1968-09-01 10.96 12.8383 5.9795 4.5615 4.6155 11.014 6.3023 2.72
190 1968-10-01 11.95 12.8411 6.9695 4.7255 4.6184 11.8429 7.3105 2.7127
191 1968-11-01 12.13 12.844 7.1495 3.3377 4.6212 13.4135 7.487 2.7054
192 1968-12-01 17.19 12.8468 12.2095 7.5945 4.6241 14.2196 10.9781 2.6981
193 1969-01-01 14.94 12.8497 9.9595 5.8977 4.6269 13.6692 9.0031 2.6908
194 1969-02-01 13.4 12.8525 8.4195 4.5051 4.6298 13.5246 8.5234 2.6835
195 1969-03-01 12.16 12.8554 7.1795 2.9141 4.6326 13.8785 7.5137 2.6762
196 1969-04-01 13.44 12.8582 8.4595 4.2393 4.6355 13.8361 8.4506 2.669
197 1969-05-01 11.06 12.8611 6.0795 2.6429 4.6383 13.0554 6.408 2.6617
198 1969-06-01 10.55 12.8639 5.5695 2.5297 4.6412 12.6615 5.8769 2.6544
199 1969-07-01 12.38 12.8668 7.3995 5.1711 4.644 11.8529 7.7239 2.6471
200 1969-08-01 12 12.8696 7.0195 5.3679 4.6469 11.2789 7.3594 2.6398
201 1969-09-01 10.63 12.8724 5.6495 4.2315 4.6497 11.0482 5.9613 2.6325
202 1969-10-01 11.13 12.8753 6.1495 3.9055 4.6526 11.8771 6.4872 2.6252
203 1969-11-01 11.83 12.8781 6.8495 3.0377 4.6554 13.4477 7.1898 2.6179
204 1969-12-01 12.53 12.881 7.5495 2.9345 4.6583 14.2538 7.8722 2.6107
205 1970-01-01 13.15 12.8838 8.1695 4.1077 4.6611 13.7034 8.3571 2.6034
206 1970-02-01 10.71 10.6237 7.9925 1.8151 2.401 11.2959 8.1654 2.5961
207 1970-03-01 11.69 10.6266 8.9725 2.4441 2.4038 11.6497 8.608 2.5888
208 1970-04-01 12.86 10.6294 10.1425 3.6593 2.4067 11.6074 9.1782 2.5815
209 1970-05-01 10.43 10.6323 7.7125 2.0129 2.4095 10.8266 8.0284 2.5742
210 1970-06-01 9.46 10.6351 6.7425 1.4397 2.4124 10.4327 7.2001 2.5669
211 1970-07-01 8.44 10.638 5.7225 1.2311 2.4152 9.6241 6.1625 2.5596
212 1970-08-01 8.88 10.6408 6.1625 2.2479 2.4181 9.0502 6.6102 2.5523
213 1970-09-01 9.99 10.6437 7.2725 3.5915 2.4209 8.8194 7.6773 2.5451
214 1970-10-01 9.68 10.6465 6.9625 2.4555 2.4238 9.6483 7.4163 2.5378
215 1970-11-01 12.18 10.6494 9.4625 3.3877 2.4266 11.2189 8.6404 2.5305
216 1970-12-01 14.01 10.6522 11.2925 4.4145 2.4295 12.025 10.2333 2.5232
217 1971-01-01 11.88 10.6551 9.1625 2.8377 2.4323 11.4746 8.7029 2.5159
218 1971-02-01 10.7 10.6579 7.9825 1.8051 2.4352 11.33 8.2091 2.5086
219 1971-03-01 15.74 10.6608 13.0225 6.4941 2.438 11.6839 11.9144 2.5013
220 1971-04-01 11.56 10.6636 8.8425 2.3593 2.4409 11.6415 8.7421 2.494
221 1971-05-01 10.79 10.6664 8.0725 2.3729 2.4437 10.8608 8.1859 2.4868
222 1971-06-01 9.87 10.6693 7.1525 1.8497 2.4466 10.4668 7.5997 2.4795
223 1971-07-01 7.74 10.6721 5.0225 0.5311 2.4494 9.6583 5.459 2.4722
224 1971-08-01 8.76 10.675 6.0425 2.1279 2.4523 9.0843 6.4842 2.4649
225 1971-09-01 9.1 10.6778 6.3825 2.7015 2.4551 8.8536 6.8345 2.4576
226 1971-10-01 10.11 10.6807 7.3925 2.8855 2.458 9.6825 7.7735 2.4503
227 1971-11-01 12.19 10.6835 9.4725 3.3977 2.4608 11.2531 8.7343 2.443
228 1971-12-01 11.66 10.6864 8.9425 2.0645 2.4637 12.0592 8.7593 2.4357
229 1972-01-01 13.58 10.6892 10.8625 4.5377 2.4665 11.5088 9.844 2.4284
230 1972-02-01 11.23 10.6921 8.5125 2.3351 2.4693 11.3642 8.4892 2.4212
231 1972-03-01 10.53 10.6949 7.8125 1.2841 2.4722 11.7181 8.0867 2.4139
232 1972-04-01 11.74 10.6978 9.0225 2.5393 2.475 11.6757 8.7508 2.4066
233 1972-05-01 9.45 10.7006 6.7325 1.0329 2.4779 10.895 7.1885 2.3993
234 1972-06-01 8.21 10.7035 5.4925 0.1897 2.4807 10.501 5.9301 2.392
235 1972-07-01 8.9 10.7063 6.1825 1.6911 2.4836 9.6925 6.6261 2.3847
236 1972-08-01 7.35 10.7092 4.6325 0.7179 2.4864 9.1185 5.0689 2.3774
237 1972-09-01 9.21 10.712 6.4925 2.8115 2.4893 8.8878 6.9466 2.3701
238 1972-10-01 7.99 10.7149 5.2725 0.7655 2.4921 9.7167 5.7094 2.3628
239 1972-11-01 10.98 10.7177 8.2625 2.1877 2.495 11.2872 8.3105 2.3556
240 1972-12-01 14.3 10.7206 11.5825 4.7045 2.4978 12.0933 10.4954 2.3483
241 1973-01-01 14.81 10.7234 12.0925 5.7677 2.5007 11.5429 10.9889 2.341
242 1973-02-01 9.68 10.7263 6.9625 0.7851 2.5035 11.3984 7.42 2.3337
243 1973-03-01 9.93 10.7291 7.2125 0.6841 2.5064 11.7522 7.6498 2.3264
244 1973-04-01 9.94 10.7319 7.2225 0.7393 2.5092 11.7099 7.6458 2.3191
245 1973-05-01 10.28 10.7348 7.5625 1.8629 2.5121 10.9291 7.914 2.3118
246 1973-06-01 9.69 10.7376 6.9725 1.6697 2.5149 10.5352 7.4315 2.3045
247 1973-07-01 8.94 10.7405 6.2225 1.7311 2.5178 9.7266 6.6681 2.2973
248 1973-08-01 9.03 10.7433 6.3125 2.3979 2.5206 9.1527 6.7624 2.29
249 1973-09-01 8.32 10.7462 5.6025 1.9215 2.5235 8.9219 6.0412 2.2827
250 1973-10-01 9.69 10.749 6.9725 2.4655 2.5263 9.7508 7.4313 2.2754
251 1973-11-01 12.92 10.7519 10.2025 4.1277 2.5292 11.3214 9.3044 2.2681
252 1973-12-01 12.17 10.7547 9.4525 2.5745 2.532 12.1275 8.8041 2.2608
253 1974-01-01 15.2 10.7576 12.4825 6.1577 2.5348 11.5771 11.3724 2.2535
254 1974-02-01 12.05 10.7604 9.3325 3.1551 2.5377 11.4326 8.7776 2.2462
255 1974-03-01 10.89 9.2507 9.685 1.6441 1.028 10.2738 9.6883 2.2389
256 1974-04-01 10.23 9.2536 9.025 1.0293 1.0308 10.2315 8.6547 2.2317
257 1974-05-01 10.53 9.2564 9.325 2.1129 1.0337 9.4508 8.9638 2.2244
258 1974-06-01 9.86 9.2593 8.655 1.8397 1.0365 9.0568 8.3121 2.2171
259 1974-07-01 8.17 9.2621 6.965 0.9611 1.0394 8.2482 6.9418 2.2098
260 1974-08-01 6.61 9.265 5.405 -0.0221 1.0422 7.6743 5.8859 2.2025
261 1974-09-01 7.13 9.2678 5.925 0.7315 1.0451 7.4436 6.2762 2.1952
262 1974-10-01 6.67 9.2706 5.465 -0.5545 1.0479 8.2724 5.8951 2.1879
263 1974-11-01 9.27 9.2735 8.065 0.4777 1.0508 9.843 7.962 2.1806
264 1974-12-01 10.89 9.2763 9.685 1.2945 1.0536 10.6491 9.5306 2.1734
265 1975-01-01 10.8 9.2792 9.595 1.7577 1.0565 10.0987 9.2812 2.1661
266 1975-02-01 10.88 9.282 9.675 1.9851 1.0593 9.9542 9.4345 2.1588
267 1975-03-01 11.98 9.2849 10.775 2.7341 1.0622 10.308 10.8464 2.1515
268 1975-04-01 9.02 9.2877 7.815 -0.1807 1.065 10.2657 7.7158 2.1442
269 1975-05-01 9.48 9.2906 8.275 1.0629 1.0679 9.4849 8.0454 2.1369
270 1975-06-01 9.2 9.2934 7.995 1.1797 1.0707 9.091 7.8967 2.1296
271 1975-07-01 7.83 9.2963 6.625 0.6211 1.0735 8.2824 6.8794 2.1223
272 1975-08-01 7.87 9.2991 6.665 1.2379 1.0764 7.7085 6.8168 2.115
273 1975-09-01 6.11 9.302 4.905 -0.2885 1.0792 7.4777 5.4092 2.1078
274 1975-10-01 9.44 9.3048 8.235 2.2155 1.0821 8.3066 8.0655 2.1005
275 1975-11-01 10.93 9.3077 9.725 2.1377 1.0849 9.8772 9.6563 2.0932
276 1975-12-01 9 9.3105 7.795 -0.5955 1.0878 10.6833 7.7007 2.0859
277 1976-01-01 7.9 9.3134 6.695 -1.1423 1.0906 10.1329 6.7503 2.0786
278 1976-02-01 12.28 9.3162 11.075 3.3851 1.0935 9.9883 11.1478 2.0713
279 1976-03-01 11.08 9.3191 9.875 1.8341 1.0963 10.3422 9.925 2.064
280 1976-04-01 9 9.3219 7.795 -0.2007 1.0992 10.2998 7.7223 2.0567
281 1976-05-01 9.4 9.3248 8.195 0.9829 1.102 9.5191 8.0706 2.0495
282 1976-06-01 9.62 9.3276 8.415 1.5997 1.1049 9.1252 8.1233 2.0422
283 1976-07-01 7.41 8.4456 7.0899 0.2011 0.2228 7.4317 7.4229 2.0349
284 1976-08-01 6.24 8.4484 5.9199 -0.3921 0.2257 6.8578 6.1654 2.0276
285 1976-09-01 5.68 8.4513 5.3599 -0.7185 0.2285 6.627 5.5881 2.0203
286 1976-10-01 6.93 8.4541 6.6099 -0.2945 0.2314 7.4559 6.9165 2.013
287 1976-11-01 6.62 8.457 6.2999 -2.1723 0.2342 9.0265 6.5671 2.0057
288 1976-12-01 7.8 8.4598 7.4799 -1.7955 0.2371 9.8326 7.7865 1.9984
289 1977-01-01 5.89 8.4627 5.5699 -3.1523 0.2399 9.2822 5.8025 1.9911
290 1977-02-01 9.15 8.4655 8.8299 0.2551 0.2428 9.1376 8.763 1.9839
291 1977-03-01 11.27 8.4683 10.9499 2.0241 0.2456 9.4915 10.361 1.9766
292 1977-04-01 9.47 8.4712 9.1499 0.2693 0.2485 9.4491 8.8335 1.9693
293 1977-05-01 10.52 8.474 10.1999 2.1029 0.2513 8.6684 9.6737 1.962
294 1977-06-01 8.56 8.4769 8.2399 0.5397 0.2542 8.2744 8.3476 1.9547
295 1977-07-01 9.38 8.4797 9.0599 2.1711 0.257 7.4659 8.8951 1.9474
296 1977-08-01 6.89 8.4826 6.5699 0.2579 0.2599 6.8919 6.8633 1.9401
297 1977-09-01 6.28 8.4854 5.9599 -0.1185 0.2627 6.6612 6.2154 1.9328
298 1977-10-01 8.21 8.4883 7.8899 0.9855 0.2656 7.4901 8.1024 1.9256
299 1977-11-01 12.71 8.4911 12.3899 3.9177 0.2684 9.0607 11.7899 1.9183
300 1977-12-01 10.03 8.494 9.7099 0.4345 0.2712 9.8668 9.2559 1.911
301 1978-01-01 7.26 8.4968 6.9399 -1.7823 0.2741 9.3164 7.2696 1.9037
302 1978-02-01 8.71 8.4997 8.3899 -0.1849 0.2769 9.1718 8.4145 1.8964
303 1978-03-01 7.44 8.5025 7.1199 -1.8059 0.2798 9.5257 7.4655 1.8891
304 1978-04-01 9.43 8.5054 9.1099 0.2293 0.2826 9.4833 8.8945 1.8818
305 1978-05-01 9.44 8.5082 9.1199 1.0229 0.2855 8.7026 8.8536 1.8745
306 1978-06-01 8.02 8.5111 7.6999 -3e-04 0.2883 8.3086 7.9411 1.8672
307 1978-07-01 7.15 8.5139 6.8299 -0.0589 0.2912 7.5001 7.1488 1.86
308 1978-08-01 7.47 8.5168 7.1499 0.8379 0.294 6.9261 7.491 1.8527
309 1978-09-01 7.32 8.5196 6.9999 0.9215 0.2969 6.6954 7.344 1.8454
310 1978-10-01 5.77 8.5225 5.4499 -1.4545 0.2997 7.5243 5.6794 1.8381
311 1978-11-01 9.17 8.5253 8.8499 0.3777 0.3026 9.0948 8.8297 1.8308
312 1978-12-01 12.56 8.5282 12.2399 2.9645 0.3054 9.9009 11.639 1.8235
313 1979-01-01 8.61 8.531 8.2899 -0.4323 0.3083 9.3505 8.4354 1.8162
314 1979-02-01 10.51 8.5338 10.1899 1.6151 0.3111 9.206 9.6973 1.8089
315 1979-03-01 7.98 8.5367 7.6599 -1.2659 0.314 9.5598 7.9481 1.8016
316 1979-04-01 8.6 8.5395 8.2799 -0.6007 0.3168 9.5175 8.4604 1.7944
317 1979-05-01 8.03 8.5424 7.7099 -0.3871 0.3197 8.7367 7.9763 1.7871
318 1979-06-01 9.42 8.5452 9.0999 1.3997 0.3225 8.3428 8.9848 1.7798
319 1979-07-01 7.77 8.5481 7.4499 0.5611 0.3254 7.5342 7.7715 1.7725
320 1979-08-01 6.23 8.5509 5.9099 -0.4021 0.3282 6.9603 6.1477 1.7652
321 1979-09-01 6.92 8.5538 6.5999 0.5215 0.3311 6.7295 6.88 1.7579
322 1979-10-01 7.32 8.5566 6.9999 0.0955 0.3339 7.5584 7.3382 1.7506
323 1979-11-01 7.49 8.5595 7.1699 -1.3023 0.3367 9.129 7.5165 1.7433
324 1979-12-01 11.24 8.5623 10.9199 1.6445 0.3396 9.9351 10.3661 1.7361
325 1980-01-01 11.38 8.5652 11.0599 2.3377 0.3424 9.3847 10.4625 1.7288
326 1980-02-01 9.9 8.568 9.5799 1.0051 0.3453 9.2401 9.2149 1.7215
327 1980-03-01 11.34 8.5709 11.0199 2.0941 0.3481 9.594 10.4452 1.7142
328 1980-04-01 9.95 8.5737 9.6299 0.7493 0.351 9.5516 9.2187 1.7069
329 1980-05-01 8.72 8.5766 8.3999 0.3029 0.3538 8.7709 8.4672 1.6996
330 1980-06-01 7.52 8.2593 7.52 -0.5003 0.0366 8.0569 7.52 1.6923
331 1980-07-01 7.19 8.2622 7.19 -0.0189 0.0395 7.2483 7.19 1.685
332 1980-08-01 6.97 8.265 6.97 0.3379 0.0423 6.6744 6.97 1.6777
333 1980-09-01 6.66 8.2679 6.66 0.2615 0.0452 6.4436 6.66 1.6705
334 1980-10-01 5.63 8.2707 5.63 -1.5945 0.048 7.2725 5.63 1.6632
335 1980-11-01 7.95 8.2736 7.95 -0.8423 0.0509 8.8431 7.95 1.6559
336 1980-12-01 7.85 8.2764 7.85 -1.7455 0.0537 9.6492 7.85 1.6486
337 1981-01-01 5.47 8.2793 5.47 -3.5723 0.0565 9.0988 5.47 1.6413
338 1981-02-01 9.52 8.2821 9.52 0.6251 0.0594 8.9543 9.52 1.634
339 1981-03-01 7.92 8.285 7.92 -1.3259 0.0622 9.3081 7.92 1.6267
340 1981-04-01 10.97 8.2878 10.97 1.7693 0.0651 9.2658 10.97 1.6194
341 1981-05-01 6.96 8.2907 6.96 -1.4571 0.0679 8.485 6.96 1.6122
342 1981-06-01 8.41 8.2935 8.41 0.3897 0.0708 8.0911 8.41 1.6049
343 1981-07-01 6.66 8.2964 6.66 -0.5489 0.0736 7.2825 6.66 1.5976
344 1981-08-01 5.65 8.2992 5.65 -0.9821 0.0765 6.7086 5.65 1.5903
345 1981-09-01 6.65 8.3021 6.65 0.2515 0.0793 6.4778 6.65 1.583
346 1981-10-01 6.74 8.3049 6.74 -0.4845 0.0822 7.3067 6.74 1.5757
347 1981-11-01 8.44 8.3078 8.44 -0.3523 0.085 8.8773 8.44 1.5684
348 1981-12-01 8.48 8.3106 8.48 -1.1155 0.0879 9.6834 8.48 1.5611
349 1982-01-01 8.72 8.3135 8.72 -0.3223 0.0907 9.133 8.72 1.5538
350 1982-02-01 9.58 8.3163 9.58 0.6851 0.0936 8.9884 9.58 1.5466
351 1982-03-01 7.7 8.3191 7.7 -1.5459 0.0964 9.3423 7.7 1.5393
352 1982-04-01 9.31 8.322 9.31 0.1093 0.0993 9.2999 9.31 1.532
353 1982-05-01 7.73 8.3248 7.73 -0.6871 0.1021 8.5192 7.73 1.5247
354 1982-06-01 6.54 8.3277 6.54 -1.4803 0.105 8.1252 6.54 1.5174
355 1982-07-01 6.41 8.3305 6.41 -0.7989 0.1078 7.3167 6.41 1.5101
356 1982-08-01 6.34 8.3334 6.34 -0.2921 0.1107 6.7427 6.34 1.5028
357 1982-09-01 6.17 8.3362 6.17 -0.2285 0.1135 6.512 6.17 1.4955
358 1982-10-01 7.85 8.3391 7.85 0.6255 0.1164 7.3409 7.85 1.4883
359 1982-11-01 8.1 8.3419 8.1 -0.6923 0.1192 8.9115 8.1 1.481
360 1982-12-01 9.99 8.3448 9.99 0.3945 0.1221 9.7176 9.99 1.4737
361 1983-01-01 8.35 8.3476 8.35 -0.6923 0.1249 9.1672 8.35 1.4664
362 1983-02-01 8.82 8.3505 8.82 -0.0749 0.1277 9.0226 8.82 1.4591
363 1983-03-01 8.31 8.3533 8.31 -0.9359 0.1306 9.3765 8.31 1.4518
364 1983-04-01 7.24 8.3562 7.24 -1.9607 0.1334 9.3341 7.24 1.4445
365 1983-05-01 7.15 8.359 7.15 -1.2671 0.1363 8.5534 7.15 1.4372
366 1983-06-01 8.18 8.3619 8.18 0.1597 0.1391 8.1594 8.18 1.4299
367 1983-07-01 8.28 8.3647 8.28 1.0711 0.142 7.3509 8.28 1.4227
368 1983-08-01 6.85 8.3676 6.85 0.2179 0.1448 6.7769 6.85 1.4154
369 1983-09-01 7.42 8.3704 7.42 1.0215 0.1477 6.5462 7.42 1.4081
370 1983-10-01 6.1 8.3733 6.1 -1.1245 0.1505 7.3751 6.1 1.4008
371 1983-11-01 12.63 8.3761 12.63 3.8377 0.1534 8.9456 12.63 1.3935
372 1983-12-01 12.35 8.379 12.35 2.7545 0.1562 9.7517 12.35 1.3862
373 1984-01-01 8.89 8.3818 8.89 -0.1523 0.1591 9.2013 8.89 1.3789
374 1984-02-01 9.34 8.3846 9.34 0.4451 0.1619 9.0568 9.34 1.3716
375 1984-03-01 8.26 8.3875 8.26 -0.9859 0.1648 9.4106 8.26 1.3644
376 1984-04-01 10.6 8.3903 10.6 1.3993 0.1676 9.3683 10.6 1.3571
377 1984-05-01 9.72 8.3932 9.72 1.3029 0.1705 8.5875 9.72 1.3498
378 1984-06-01 8.21 8.396 8.21 0.1897 0.1733 8.1936 8.21 1.3425
379 1984-07-01 7.62 8.3989 7.62 0.4111 0.1762 7.385 7.62 1.3352
380 1984-08-01 7.89 8.4017 7.89 1.2579 0.179 6.8111 7.89 1.3279
381 1984-09-01 7.14 8.4046 7.14 0.7415 0.1819 6.5803 7.14 1.3206
382 1984-10-01 7.37 8.4074 7.37 0.1455 0.1847 7.4092 7.37 1.3133
383 1984-11-01 9.36 8.4103 9.36 0.5677 0.1876 8.9798 9.36 1.306
384 1984-12-01 7.87 8.4131 7.87 -1.7255 0.1904 9.7859 7.87 1.2988
385 1985-01-01 6.42 8.416 6.42 -2.6223 0.1932 9.2355 6.42 1.2915
386 1985-02-01 9.68 8.4188 9.68 0.7851 0.1961 9.0909 9.68 1.2842
387 1985-03-01 11.3 8.4217 11.3 2.0541 0.1989 9.4448 11.3 1.2769
388 1985-04-01 9.83 8.4245 9.83 0.6293 0.2018 9.4024 9.83 1.2696
389 1985-05-01 9.21 8.4274 9.21 0.7929 0.2046 8.6217 9.21 1.2623
390 1985-06-01 9.66 8.4302 9.66 1.6397 0.2075 8.2278 9.66 1.255
391 1985-07-01 7.89 8.4331 7.89 0.6811 0.2103 7.4192 7.89 1.2477
392 1985-08-01 8.05 8.4359 8.05 1.4179 0.2132 6.8453 8.05 1.2404
393 1985-09-01 7.12 8.4388 7.12 0.7215 0.216 6.6145 7.12 1.2332
394 1985-10-01 10.07 8.4416 10.07 2.8455 0.2189 7.4434 10.07 1.2259
395 1985-11-01 10.56 8.4445 10.56 1.7677 0.2217 9.014 10.56 1.2186
396 1985-12-01 6.46 8.4473 6.46 -3.1355 0.2246 9.8201 6.46 1.2113
397 1986-01-01 8.63 8.4501 8.63 -0.4123 0.2274 9.2697 8.63 1.204
398 1986-02-01 7.99 8.453 7.99 -0.9049 0.2303 9.1251 7.99 1.1967
399 1986-03-01 7.98 8.4558 7.98 -1.2659 0.2331 9.479 7.98 1.1894
400 1986-04-01 8.38 8.4587 8.38 -0.8207 0.236 9.4366 8.38 1.1821
401 1986-05-01 7.77 8.4615 7.77 -0.6471 0.2388 8.6559 7.77 1.1749
402 1986-06-01 6.65 8.4644 6.65 -1.3703 0.2417 8.2619 6.65 1.1676
403 1986-07-01 8.24 8.4672 8.24 1.0311 0.2445 7.4534 8.24 1.1603
404 1986-08-01 5.31 8.4701 5.31 -1.3221 0.2474 6.8794 5.31 1.153
405 1986-09-01 6.45 8.4729 6.45 0.0515 0.2502 6.6487 6.45 1.1457
406 1986-10-01 5.68 8.4758 5.68 -1.5445 0.2531 7.4776 5.68 1.1384
407 1986-11-01 10.12 8.4786 10.12 1.3277 0.2559 9.0482 10.12 1.1311
408 1986-12-01 8.06 8.4815 8.06 -1.5355 0.2587 9.8543 8.06 1.1238
409 1987-01-01 9.16 8.4843 9.16 0.1177 0.2616 9.3038 9.16 1.1165
410 1987-02-01 8.32 8.4872 8.32 -0.5749 0.2644 9.1593 8.32 1.1093
411 1987-03-01 7.42 8.49 7.42 -1.8259 0.2673 9.5132 7.42 1.102
412 1987-04-01 9.28 8.4929 9.28 0.0793 0.2701 9.4708 9.28 1.0947
413 1987-05-01 9.3 8.4957 9.3 0.8829 0.273 8.6901 9.3 1.0874
414 1987-06-01 8.89 8.4986 8.89 0.8697 0.2758 8.2961 8.89 1.0801
415 1987-07-01 8.72 8.5014 8.72 1.5111 0.2787 7.4875 8.72 1.0728
416 1987-08-01 6.88 8.5043 6.88 0.2479 0.2815 6.9136 6.88 1.0655
417 1987-09-01 6.47 8.5071 6.47 0.0715 0.2844 6.6829 6.47 1.0582
418 1987-10-01 5.93 8.51 5.93 -1.2945 0.2872 7.5118 5.93 1.051
419 1987-11-01 7.7 8.5128 7.7 -1.0923 0.2901 9.0823 7.7 1.0437
420 1987-12-01 10.13 8.5156 10.13 0.5345 0.2929 9.8884 10.13 1.0364
421 1988-01-01 9.59 8.5185 9.59 0.5477 0.2958 9.338 9.59 1.0291
422 1988-02-01 7.15 8.5213 7.15 -1.7449 0.2986 9.1935 7.15 1.0218
423 1988-03-01 10.36 8.5242 10.36 1.1141 0.3015 9.5473 10.36 1.0145
424 1988-04-01 8.64 8.527 8.64 -0.5607 0.3043 9.505 8.64 1.0072
425 1988-05-01 9.16 8.5299 9.16 0.7429 0.3072 8.7242 9.16 0.9999
426 1988-06-01 9.47 8.5327 9.47 1.4497 0.31 8.3303 9.47 0.9926
427 1988-07-01 9.15 8.5356 9.15 1.9411 0.3129 7.5217 9.15 0.9854
428 1988-08-01 8.15 8.5384 8.15 1.5179 0.3157 6.9478 8.15 0.9781
429 1988-09-01 7.95 8.5413 7.95 1.5515 0.3186 6.717 7.95 0.9708
430 1988-10-01 6.49 8.5441 6.49 -0.7345 0.3214 7.5459 6.49 0.9635
431 1988-11-01 12.46 8.547 12.46 3.6677 0.3242 9.1165 12.46 0.9562
432 1988-12-01 9.03 8.5498 9.03 -0.5655 0.3271 9.9226 9.03 0.9489
433 1989-01-01 10.06 8.5527 10.06 1.0177 0.3299 9.3722 10.06 0.9416
434 1989-02-01 12.19 8.5555 12.19 3.2951 0.3328 9.2276 12.19 0.9343
435 1989-03-01 10.06 8.5584 10.06 0.8141 0.3356 9.5815 10.06 0.9271
436 1989-04-01 9.72 8.5612 9.72 0.5193 0.3385 9.5391 9.72 0.9198
437 1989-05-01 9.6 8.5641 9.6 1.1829 0.3413 8.7584 9.6 0.9125
438 1989-06-01 8 8.5669 8 -0.0203 0.3442 8.3645 8 0.9052
439 1989-07-01 8.6 8.5698 8.6 1.3911 0.347 7.5559 8.6 0.8979
440 1989-08-01 7.6 8.5726 7.6 0.9679 0.3499 6.982 7.6 0.8906
441 1989-09-01 6.97 8.5755 6.97 0.5715 0.3527 6.7512 6.97 0.8833
442 1989-10-01 7.82 8.5783 7.82 0.5955 0.3556 7.5801 7.82 0.876
443 1989-11-01 9.17 8.5811 9.17 0.3777 0.3584 9.1507 9.17 0.8687
444 1989-12-01 6.45 8.584 6.45 -3.1455 0.3613 9.9568 6.45 0.8615
445 1990-01-01 10.8 8.5868 10.8 1.7577 0.3641 9.4064 10.8 0.8542
446 1990-02-01 11.14 8.5897 11.14 2.2451 0.367 9.2618 11.14 0.8469
447 1990-03-01 8.58 8.5925 8.58 -0.6659 0.3698 9.6157 8.58 0.8396
448 1990-04-01 9.43 8.5954 9.43 0.2293 0.3727 9.5733 9.43 0.8323
449 1990-05-01 9.21 8.5982 9.21 0.7929 0.3755 8.7926 9.21 0.825
450 1990-06-01 8.71 8.6011 8.71 0.6897 0.3784 8.3986 8.71 0.8177
451 1990-07-01 7.42 8.6039 7.42 0.2111 0.3812 7.5901 7.42 0.8104
452 1990-08-01 7.63 8.6068 7.63 0.9979 0.3841 7.0161 7.63 0.8032
453 1990-09-01 6.01 8.6096 6.01 -0.3885 0.3869 6.7854 6.01 0.7959
454 1990-10-01 10.17 8.6125 10.17 2.9455 0.3897 7.6143 10.17 0.7886
455 1990-11-01 9.8 8.6153 9.8 1.0077 0.3926 9.1849 9.8 0.7813
456 1990-12-01 11.87 8.6182 11.87 2.2745 0.3954 9.991 11.87 0.774
457 1991-01-01 7.69 8.621 7.69 -1.3523 0.3983 9.4405 7.69 0.7667
458 1991-02-01 8.63 8.6239 8.63 -0.2649 0.4011 9.296 8.63 0.7594
459 1991-03-01 8.99 8.6267 8.99 -0.2559 0.404 9.6499 8.99 0.7521
460 1991-04-01 9.37 8.6296 9.37 0.1693 0.4068 9.6075 9.37 0.7448
461 1991-05-01 9.27 8.6324 9.27 0.8529 0.4097 8.8268 9.27 0.7376
462 1991-06-01 8.36 8.6353 8.36 0.3397 0.4125 8.4328 8.36 0.7303
463 1991-07-01 8.12 8.6381 8.12 0.9111 0.4154 7.6242 8.12 0.723
464 1991-08-01 7.3 8.641 7.3 0.6679 0.4182 7.0503 7.3 0.7157
465 1991-09-01 5.92 8.6438 5.92 -0.4785 0.4211 6.8196 5.92 0.7084
466 1991-10-01 7.53 8.6466 7.53 0.3055 0.4239 7.6484 7.53 0.7011
467 1991-11-01 9.52 8.6495 9.52 0.7277 0.4268 9.219 9.52 0.6938
468 1991-12-01 8.66 8.6523 8.66 -0.9355 0.4296 10.0251 8.66 0.6865
469 1992-01-01 10.19 8.6552 10.19 1.1477 0.4325 9.4747 10.19 0.6792
470 1992-02-01 7.43 8.658 7.43 -1.4649 0.4353 9.3302 7.43 0.672
471 1992-03-01 6.31 8.6609 6.31 -2.9359 0.4382 9.684 6.31 0.6647
472 1992-04-01 9.41 8.6637 9.41 0.2093 0.441 9.6417 9.41 0.6574
473 1992-05-01 8.78 8.6666 8.78 0.3629 0.4439 8.8609 8.78 0.6501
474 1992-06-01 7.45 8.6694 7.45 -0.5703 0.4467 8.467 7.45 0.6428
475 1992-07-01 7.07 8.6723 7.07 -0.1389 0.4496 7.6584 7.07 0.6355
476 1992-08-01 6.57 8.6751 6.57 -0.0621 0.4524 7.0845 6.57 0.6282
477 1992-09-01 8.55 8.678 8.55 2.1515 0.4552 6.8537 8.55 0.6209
478 1992-10-01 7.42 8.6808 7.42 0.1955 0.4581 7.6826 7.42 0.6137
479 1992-11-01 7.93 8.6837 7.93 -0.8623 0.4609 9.2532 7.93 0.6064
480 1992-12-01 11.64 8.6865 11.64 2.0445 0.4638 10.0593 11.64 0.5991
481 1993-01-01 10.05 8.6894 10.05 1.0077 0.4666 9.5089 10.05 0.5918
482 1993-02-01 9.04 8.6922 9.04 0.1451 0.4695 9.3643 9.04 0.5845
483 1993-03-01 8.59 8.6951 8.59 -0.6559 0.4723 9.7182 8.59 0.5772
484 1993-04-01 9.11 8.6979 9.11 -0.0907 0.4752 9.6758 9.11 0.5699
485 1993-05-01 8.58 8.7008 8.58 0.1629 0.478 8.8951 8.58 0.5626
486 1993-06-01 9.73 8.7036 9.73 1.7097 0.4809 8.5012 9.73 0.5553
487 1993-07-01 8.96 8.7065 8.96 1.7511 0.4837 7.6926 8.96 0.5481
488 1993-08-01 7.19 8.7093 7.19 0.5579 0.4866 7.1186 7.19 0.5408
489 1993-09-01 6.02 8.7121 6.02 -0.3785 0.4894 6.8879 6.02 0.5335
490 1993-10-01 6.06 8.715 6.06 -1.1645 0.4923 7.7168 6.06 0.5262
491 1993-11-01 10.11 8.7178 10.11 1.3177 0.4951 9.2874 10.11 0.5189
492 1993-12-01 9.33 8.7207 9.33 -0.2655 0.498 10.0935 9.33 0.5116
493 1994-01-01 7.23 8.7235 7.23 -1.8123 0.5008 9.5431 7.23 0.5043
494 1994-02-01 10.45 8.7264 10.45 1.5551 0.5037 9.3985 10.45 0.497
495 1994-03-01 9.15 8.7292 9.15 -0.0959 0.5065 9.7524 9.15 0.4898
496 1994-04-01 8.28 8.7321 8.28 -0.9207 0.5094 9.71 8.28 0.4825
497 1994-05-01 9.32 8.7349 9.32 0.9029 0.5122 8.9293 9.32 0.4752
498 1994-06-01 8.39 8.7378 8.39 0.3697 0.5151 8.5353 8.39 0.4679
499 1994-07-01 7.66 8.7406 7.66 0.4511 0.5179 7.7268 7.66 0.4606
500 1994-08-01 7.92 8.7435 7.92 1.2879 0.5207 7.1528 7.92 0.4533
501 1994-09-01 6.56 8.7463 6.56 0.1615 0.5236 6.9221 6.56 0.446
502 1994-10-01 7.9 8.7492 7.9 0.6755 0.5264 7.751 7.9 0.4387
503 1994-11-01 11.96 8.752 11.96 3.1677 0.5293 9.3216 11.96 0.4314
504 1994-12-01 11.43 8.7549 11.43 1.8345 0.5321 10.1277 11.43 0.4242
505 1995-01-01 8.54 8.7577 8.54 -0.5023 0.535 9.5772 8.54 0.4169
506 1995-02-01 10.15 8.7606 10.15 1.2551 0.5378 9.4327 10.15 0.4096
507 1995-03-01 9.89 8.7634 9.89 0.6441 0.5407 9.7865 9.89 0.4023
508 1995-04-01 8.84 8.7663 8.84 -0.3607 0.5435 9.7442 8.84 0.395
509 1995-05-01 7.95 8.7691 7.95 -0.4671 0.5464 8.9635 7.95 0.3877
510 1995-06-01 7.89 8.772 7.89 -0.1303 0.5492 8.5695 7.89 0.3804
511 1995-07-01 8.57 8.7748 8.57 1.3611 0.5521 7.7609 8.57 0.3731
512 1995-08-01 8.32 8.7776 8.32 1.6879 0.5549 7.187 8.32 0.3659
513 1995-09-01 6.55 8.7805 6.55 0.1515 0.5578 6.9563 6.55 0.3586
514 1995-10-01 8.14 8.7833 8.14 0.9155 0.5606 7.7851 8.14 0.3513
515 1995-11-01 9.73 8.7862 9.73 0.9377 0.5635 9.3557 9.73 0.344
516 1995-12-01 9.16 8.789 9.16 -0.4355 0.5663 10.1618 9.16 0.3367
517 1996-01-01 10.29 8.7919 10.29 1.2477 0.5692 9.6114 10.29 0.3294
518 1996-02-01 9.53 8.7947 9.53 0.6351 0.572 9.4669 9.53 0.3221
519 1996-03-01 9.06 8.7976 9.06 -0.1859 0.5749 9.8207 9.06 0.3148
520 1996-04-01 9.38 8.8004 9.38 0.1793 0.5777 9.7784 9.38 0.3075
521 1996-05-01 9.52 8.8033 9.52 1.1029 0.5806 8.9976 9.52 0.3003
522 1996-06-01 9.59 8.8061 9.59 1.5697 0.5834 8.6037 9.59 0.293
523 1996-07-01 7.26 8.809 7.26 0.0511 0.5862 7.7951 7.26 0.2857
524 1996-08-01 7.75 8.8118 7.75 1.1179 0.5891 7.2212 7.75 0.2784
525 1996-09-01 5.79 8.8147 5.79 -0.6085 0.5919 6.9904 5.79 0.2711
526 1996-10-01 7.04 8.8175 7.04 -0.1845 0.5948 7.8193 7.04 0.2638
527 1996-11-01 7.14 8.8204 7.14 -1.6523 0.5976 9.3899 7.14 0.2565
528 1996-12-01 11.14 8.8232 11.14 1.5445 0.6005 10.196 11.14 0.2492
529 1997-01-01 7.2 8.8261 7.2 -1.8423 0.6033 9.6456 7.2 0.242
530 1997-02-01 6.94 8.8289 6.94 -1.9549 0.6062 9.501 6.94 0.2347
531 1997-03-01 11.78 8.8318 11.78 2.5341 0.609 9.8549 11.78 0.2274
532 1997-04-01 9.11 8.8346 9.11 -0.0907 0.6119 9.8125 9.11 0.2201
533 1997-05-01 7.74 8.8375 7.74 -0.6771 0.6147 9.0318 7.74 0.2128
534 1997-06-01 8.93 8.8403 8.93 0.9097 0.6176 8.6379 8.93 0.2055
535 1997-07-01 8.45 8.8431 8.45 1.2411 0.6204 7.8293 8.45 0.1982
536 1997-08-01 6.4 8.846 6.4 -0.2321 0.6233 7.2553 6.4 0.1909
537 1997-09-01 7.54 8.8488 7.54 1.1415 0.6261 7.0246 7.54 0.1836
538 1997-10-01 9.38 8.8517 9.38 2.1555 0.629 7.8535 9.38 0.1764
539 1997-11-01 7.59 8.8545 7.59 -1.2023 0.6318 9.4241 7.59 0.1691
540 1997-12-01 9.95 8.8574 9.95 0.3545 0.6347 10.2302 9.95 0.1618
541 1998-01-01 11.05 8.8602 11.05 2.0077 0.6375 9.6798 11.05 0.1545
542 1998-02-01 10.19 8.8631 10.19 1.2951 0.6404 9.5352 10.19 0.1472
543 1998-03-01 7.83 8.8659 7.83 -1.4159 0.6432 9.8891 7.83 0.1399
544 1998-04-01 9.08 8.8688 9.08 -0.1207 0.6461 9.8467 9.08 0.1326
545 1998-05-01 8.9 8.8716 8.9 0.4829 0.6489 9.066 8.9 0.1253
546 1998-06-01 8.47 8.8745 8.47 0.4497 0.6517 8.672 8.47 0.118
547 1998-07-01 7.06 8.8773 7.06 -0.1489 0.6546 7.8635 7.06 0.1108
548 1998-08-01 7.71 8.8802 7.71 1.0779 0.6574 7.2895 7.71 0.1035
549 1998-09-01 5.99 8.883 5.99 -0.4085 0.6603 7.0588 5.99 0.0962
550 1998-10-01 7.67 8.8859 7.67 0.4455 0.6631 7.8877 7.67 0.0889
551 1998-11-01 11.88 8.8887 11.88 3.0877 0.666 9.4582 11.88 0.0816
552 1998-12-01 -999.99 -999.99 -999.99 -999.99 -999.99 -999.99 -999.99 -999.99
553 1999-01-01 10.21 8.8944 10.21 1.1677 0.6717 9.7139 10.21 0.067
554 1999-02-01 -999.99 -999.99 -999.99 -999.99 -999.99 -999.99 -999.99 -999.99
555 1999-03-01 -999.99 -999.99 -999.99 -999.99 -999.99 -999.99 -999.99 -999.99
556 1999-04-01 11.66 8.903 11.66 2.4593 0.6802 9.8809 11.66 0.0452
557 1999-05-01 11.93 8.9058 11.93 3.5129 0.6831 9.1001 11.93 0.0379
558 1999-06-01 11.18 8.9086 11.18 3.1597 0.6859 8.7062 11.18 0.0306
559 1999-07-01 9.34 8.9115 9.34 2.1311 0.6888 7.8976 9.34 0.0233
560 1999-08-01 9.23 8.9143 9.23 2.5979 0.6916 7.3237 9.23 0.016
561 1999-09-01 8.2 8.9172 8.2 1.8015 0.6945 7.093 8.2 0.0087
562 1999-10-01 8.38 8.92 8.38 1.1555 0.6973 7.9218 8.38 0.0014
563 1999-11-01 8.05 8.9229 8.05 -0.7423 0.7002 9.4924 8.05 -0.0059
564 1999-12-01 9.99 8.9257 9.99 0.3945 0.703 10.2985 9.99 -0.0131
565 2000-01-01 9.09 8.9286 9.09 0.0477 0.7059 9.7481 9.09 -0.0204
566 2000-02-01 7.39 8.9314 7.39 -1.5049 0.7087 9.6036 7.39 -0.0277
567 2000-03-01 9.2 8.9343 9.2 -0.0459 0.7116 9.9574 9.2 -0.035
568 2000-04-01 9.67 8.9371 9.67 0.4693 0.7144 9.9151 9.67 -0.0423
569 2000-05-01 10.21 8.94 10.21 1.7929 0.7172 9.1343 10.21 -0.0496
570 2000-06-01 9.52 8.9428 9.52 1.4997 0.7201 8.7404 9.52 -0.0569
571 2000-07-01 9.26 8.9457 9.26 2.0511 0.7229 7.9318 9.26 -0.0642
572 2000-08-01 9.2 8.9485 9.2 2.5679 0.7258 7.3579 9.2 -0.0714
573 2000-09-01 8.27 8.9514 8.27 1.8715 0.7286 7.1271 8.27 -0.0787
574 2000-10-01 8.57 8.9542 8.57 1.3455 0.7315 7.956 8.57 -0.086
575 2000-11-01 7.57 8.9571 7.57 -1.2223 0.7343 9.5266 7.57 -0.0933
576 2000-12-01 9.13 8.9599 9.13 -0.4655 0.7372 10.3327 9.13 -0.1006
577 2001-01-01 7.68 8.9628 7.68 -1.3623 0.74 9.7823 7.68 -0.1079
578 2001-02-01 9.1 8.9656 9.1 0.2051 0.7429 9.6377 9.1 -0.1152
579 2001-03-01 10.31 8.9685 10.31 1.0641 0.7457 9.9916 10.31 -0.1225
580 2001-04-01 11.63 8.9713 11.63 2.4293 0.7486 9.9492 11.63 -0.1298
581 2001-05-01 10.06 8.9741 10.06 1.6429 0.7514 9.1685 10.06 -0.137
582 2001-06-01 11.07 8.977 11.07 3.0497 0.7543 8.7746 11.07 -0.1443
583 2001-07-01 9.19 8.9798 9.19 1.9811 0.7571 7.966 9.19 -0.1516
584 2001-08-01 8.39 8.9827 8.39 1.7579 0.76 7.392 8.39 -0.1589
585 2001-09-01 7.74 8.9855 7.74 1.3415 0.7628 7.1613 7.74 -0.1662
586 2001-10-01 10.19 8.9884 10.19 2.9655 0.7657 7.9902 10.19 -0.1735
587 2001-11-01 8.82 8.9912 8.82 0.0277 0.7685 9.5608 8.82 -0.1808
588 2001-12-01 11.71 8.9941 11.71 2.1145 0.7714 10.3669 11.71 -0.1881
589 2002-01-01 9.48 8.9969 9.48 0.4377 0.7742 9.8165 9.48 -0.1953
590 2002-02-01 9.46 8.9998 9.46 0.5651 0.7771 9.6719 9.46 -0.2026
591 2002-03-01 12.58 9.0026 12.58 3.3341 0.7799 10.0258 12.58 -0.2099
592 2002-04-01 10.73 9.0055 10.73 1.5293 0.7827 9.9834 10.73 -0.2172
593 2002-05-01 10.17 9.0083 10.17 1.7529 0.7856 9.2027 10.17 -0.2245
594 2002-06-01 9.36 9.0112 9.36 1.3397 0.7884 8.8087 9.36 -0.2318
595 2002-07-01 7.85 9.014 7.85 0.6411 0.7913 8.0002 7.85 -0.2391
596 2002-08-01 7.22 9.0169 7.22 0.5879 0.7941 7.4262 7.22 -0.2464
597 2002-09-01 7.98 9.0197 7.98 1.5815 0.797 7.1955 7.98 -0.2537
598 2002-10-01 6.01 9.0226 6.01 -1.2145 0.7998 8.0244 6.01 -0.2609
599 2002-11-01 8.31 9.0254 8.31 -0.4823 0.8027 9.5949 8.31 -0.2682
600 2002-12-01 11.11 9.0283 11.11 1.5145 0.8055 10.4011 11.11 -0.2755
601 2003-01-01 9.03 9.0311 9.03 -0.0123 0.8084 9.8506 9.03 -0.2828
602 2003-02-01 7.93 9.034 7.93 -0.9649 0.8112 9.7061 7.93 -0.2901
603 2003-03-01 10.92 9.0368 10.92 1.6741 0.8141 10.0599 10.92 -0.2974
604 2003-04-01 10 9.0397 10 0.7993 0.8169 10.0176 10 -0.3047
605 2003-05-01 9.52 9.0425 9.52 1.1029 0.8198 9.2368 9.52 -0.312
606 2003-06-01 9.29 9.0453 9.29 1.2697 0.8226 8.8429 9.29 -0.3193
607 2003-07-01 8.34 9.0482 8.34 1.1311 0.8255 8.0343 8.34 -0.3265
608 2003-08-01 7.49 9.051 7.49 0.8579 0.8283 7.4604 7.49 -0.3338
609 2003-09-01 7 9.0539 7 0.6015 0.8312 7.2297 7 -0.3411
610 2003-10-01 10.22 9.0567 10.22 2.9955 0.834 8.0585 10.22 -0.3484
611 2003-11-01 9.95 9.0596 9.95 1.1577 0.8369 9.6291 9.95 -0.3557
612 2003-12-01 10.92 9.0624 10.92 1.3245 0.8397 10.4352 10.92 -0.363
613 2004-01-01 10.48 9.0653 10.48 1.4377 0.8426 9.8848 10.48 -0.3703
614 2004-02-01 8.63 9.0681 8.63 -0.2649 0.8454 9.7403 8.63 -0.3776
615 2004-03-01 11.26 9.071 11.26 2.0141 0.8482 10.0941 11.26 -0.3848
616 2004-04-01 9.7 9.0738 9.7 0.4993 0.8511 10.0518 9.7 -0.3921
617 2004-05-01 9.85 9.0767 9.85 1.4329 0.8539 9.271 9.85 -0.3994
618 2004-06-01 9.31 9.0795 9.31 1.2897 0.8568 8.8771 9.31 -0.4067
619 2004-07-01 9.15 9.0824 9.15 1.9411 0.8596 8.0685 9.15 -0.414
620 2004-08-01 8.17 9.0852 8.17 1.5379 0.8625 7.4946 8.17 -0.4213
621 2004-09-01 8.08 9.0881 8.08 1.6815 0.8653 7.2638 8.08 -0.4286
622 2004-10-01 8.99 9.0909 8.99 1.7655 0.8682 8.0927 8.99 -0.4359
623 2004-11-01 8.71 9.0938 8.71 -0.0823 0.871 9.6633 8.71 -0.4432
624 2004-12-01 8.74 9.0966 8.74 -0.8555 0.8739 10.4694 8.74 -0.4504
625 2005-01-01 9.48 9.0995 9.48 0.4377 0.8767 9.919 9.48 -0.4577
626 2005-02-01 8.7 9.1023 8.7 -0.1949 0.8796 9.7744 8.7 -0.465
627 2005-03-01 9.77 9.1052 9.77 0.5241 0.8824 10.1283 9.77 -0.4723
628 2005-04-01 11.13 9.108 11.13 1.9293 0.8853 10.0859 11.13 -0.4796
629 2005-05-01 9.06 9.1108 9.06 0.6429 0.8881 9.3052 9.06 -0.4869
630 2005-06-01 9.71 9.1137 9.71 1.6897 0.891 8.9112 9.71 -0.4942
631 2005-07-01 9.08 9.1165 9.08 1.8711 0.8938 8.1027 9.08 -0.5015
632 2005-08-01 7.82 9.1194 7.82 1.1879 0.8967 7.5287 7.82 -0.5087
633 2005-09-01 7.93 9.1222 7.93 1.5315 0.8995 7.298 7.93 -0.516
634 2005-10-01 8.69 9.1251 8.69 1.4655 0.9024 8.1269 8.69 -0.5233
635 2005-11-01 9.55 9.1279 9.55 0.7577 0.9052 9.6975 9.55 -0.5306
636 2005-12-01 10.19 9.1308 10.19 0.5945 0.9081 10.5036 10.19 -0.5379
