"id" "date" "base" "base_trend+meanShift.ref" "base_mean_adj.ref" "base_trend+meanShift.base" "base_mean_adj.base" "base_anomaly" "fit_of_base_anomaly" "annualC+meanShifts" "QM_adjusted" "fit_of_deseason_base"
1 1954-01-01 6.45 7.4296 5.7177 7.5802 8.1979 0.1211 -0.2757 6.0532 4.8436 -2.066
2 1954-02-01 7.92 7.429 7.1877 7.5754 9.6679 0.7425 -0.2805 6.8969 6.3136 -2.0638
3 1954-03-01 8.03 7.4283 7.2977 7.5705 9.7779 -0.7138 -0.2853 8.4585 6.4236 -2.0616
4 1954-04-01 9.28 7.4276 8.5477 7.5657 11.0279 -0.0852 -0.2901 9.0751 7.6736 -2.0593
5 1954-05-01 8.37 7.4269 7.6377 7.5609 10.1179 -0.768 -0.295 8.843 6.7636 -2.0571
6 1954-06-01 7.17 7.4262 6.4377 7.5561 8.9179 -1.6172 -0.2998 8.4875 5.5636 -2.0549
7 1954-07-01 7.85 7.4255 7.1177 7.5513 9.5979 -0.8079 -0.3046 8.3534 6.2436 -2.0526
8 1954-08-01 6.01 7.4249 5.2777 7.5465 7.7579 -2.1877 -0.3094 7.8883 4.4036 -2.0504
9 1954-09-01 5.85 7.4242 5.1177 7.5417 7.5979 -1.4614 -0.3142 6.9973 4.2436 -2.0482
10 1954-10-01 6.43 7.4235 5.6977 7.5369 8.1779 -0.6624 -0.319 6.7735 4.8236 -2.0459
11 1954-11-01 6.94 7.4228 6.2077 7.5321 8.6879 0.1702 -0.3238 6.446 5.3336 -2.0437
12 1954-12-01 8.65 7.4221 7.9177 7.5273 10.3979 1.9492 -0.3286 6.3722 7.0436 -2.0415
13 1955-01-01 6.22 7.4214 5.4877 7.5225 7.9679 -0.1089 -0.3334 5.9955 4.6136 -2.0392
14 1955-02-01 7.64 7.4208 6.9077 7.5177 9.3879 0.4625 -0.3382 6.8393 6.0336 -2.037
15 1955-03-01 9.3 7.4201 8.5677 7.5129 11.0479 0.5562 -0.343 8.4008 7.6936 -2.0348
16 1955-04-01 9.63 7.4194 8.8977 7.5081 11.3779 0.2648 -0.3478 9.0174 8.0236 -2.0326
17 1955-05-01 9.26 7.4187 8.5277 7.5033 11.0079 0.122 -0.3526 8.7854 7.6536 -2.0303
18 1955-06-01 7.9 7.418 7.1677 7.4985 9.6479 -0.8872 -0.3574 8.4298 6.2936 -2.0281
19 1955-07-01 7.07 7.4173 6.3377 7.4937 8.8179 -1.5879 -0.3622 8.2957 5.4636 -2.0259
20 1955-08-01 7.27 7.4167 6.5377 7.4889 9.0179 -0.9277 -0.367 7.8306 5.6636 -2.0236
21 1955-09-01 6.74 7.416 6.0077 7.4841 8.4879 -0.5714 -0.3718 6.9396 5.1336 -2.0214
22 1955-10-01 6.82 7.4153 6.0877 7.4793 8.5679 -0.2724 -0.3766 6.7158 5.2136 -2.0192
23 1955-11-01 7.51 7.4146 6.7777 7.4745 9.2579 0.7402 -0.3814 6.3883 5.9036 -2.0169
24 1955-12-01 6.08 7.4139 5.3477 7.4696 7.8279 -0.6208 -0.3862 6.3146 4.4736 -2.0147
25 1956-01-01 6.66 7.4132 5.9277 7.4648 8.4079 0.3311 -0.391 5.9379 5.0536 -2.0125
26 1956-02-01 6.91 7.4126 6.1777 7.46 8.6579 -0.2675 -0.3959 6.7816 5.3036 -2.0102
27 1956-03-01 9.45 7.4119 8.7177 7.4552 11.1979 0.7062 -0.4007 8.3432 7.8436 -2.008
28 1956-04-01 8.76 7.4112 8.0277 7.4504 10.5079 -0.6052 -0.4055 8.9598 7.1536 -2.0058
29 1956-05-01 9.41 7.4105 8.6777 7.4456 11.1579 0.272 -0.4103 8.7277 7.8036 -2.0035
30 1956-06-01 7.73 7.4098 6.9977 7.4408 9.4779 -1.0572 -0.4151 8.3721 6.1236 -2.0013
31 1956-07-01 8.38 7.4091 7.6477 7.436 10.1279 -0.2779 -0.4199 8.2381 6.7736 -1.9991
32 1956-08-01 7.04 7.4085 6.3077 7.4312 8.7879 -1.1577 -0.4247 7.773 5.4336 -1.9968
33 1956-09-01 6.96 7.4078 6.2277 7.4264 8.7079 -0.3514 -0.4295 6.882 5.3536 -1.9946
34 1956-10-01 7.45 7.4071 6.7177 7.4216 9.1979 0.3576 -0.4343 6.6581 5.8436 -1.9924
35 1956-11-01 5.16 7.4064 4.4277 7.4168 6.9079 -1.6098 -0.4391 6.3307 3.5536 -1.9901
36 1956-12-01 6.57 7.4057 5.8377 7.412 8.3179 -0.1308 -0.4439 6.2569 4.9636 -1.9879
37 1957-01-01 5.57 7.405 4.8377 7.4072 7.3179 -0.7589 -0.4487 5.8802 3.9636 -1.9857
38 1957-02-01 7.38 7.4044 6.6477 7.4024 9.1279 0.2025 -0.4535 6.724 5.7736 -1.9834
39 1957-03-01 8.05 7.4037 7.3177 7.3976 9.7979 -0.6938 -0.4583 8.2855 6.4436 -1.9812
40 1957-04-01 7.78 7.403 7.0477 7.3928 9.5279 -1.5852 -0.4631 8.9021 6.1736 -1.979
41 1957-05-01 7.39 7.4023 6.6577 7.388 9.1379 -1.748 -0.4679 8.6701 5.7836 -1.9767
42 1957-06-01 8 7.4016 7.2677 7.3832 9.7479 -0.7872 -0.4727 8.3145 6.3936 -1.9745
43 1957-07-01 7.49 7.4009 6.7577 7.3784 9.2379 -1.1679 -0.4775 8.1804 5.8836 -1.9723
44 1957-08-01 6.56 7.4003 5.8277 7.3736 8.3079 -1.6377 -0.4823 7.7153 4.9536 -1.97
45 1957-09-01 6.38 7.3996 5.6477 7.3688 8.1279 -0.9314 -0.4871 6.8243 4.7736 -1.9678
46 1957-10-01 6.49 7.3989 5.7577 7.3639 8.2379 -0.6024 -0.4919 6.6005 4.8836 -1.9656
47 1957-11-01 6.16 7.3982 5.4277 7.3591 7.9079 -0.6098 -0.4967 6.273 4.5536 -1.9634
48 1957-12-01 9.31 7.3975 8.5777 7.3543 11.0579 2.6092 -0.5016 6.1992 7.7036 -1.9611
49 1958-01-01 6.67 7.3968 5.9377 7.3495 8.4179 0.3411 -0.5064 5.8225 5.0636 -1.9589
50 1958-02-01 5.63 7.3962 4.8977 7.3447 7.3779 -1.5475 -0.5112 6.6663 4.0236 -1.9567
51 1958-03-01 7.55 7.3955 6.8177 7.3399 9.2979 -1.1938 -0.516 8.2279 5.9436 -1.9544
52 1958-04-01 8.71 7.3948 7.9777 7.3351 10.4579 -0.6552 -0.5208 8.8445 7.1036 -1.9522
53 1958-05-01 7.8 7.3941 7.0677 7.3303 9.5479 -1.338 -0.5256 8.6124 6.1936 -1.95
54 1958-06-01 7.13 7.3934 6.3977 7.3255 8.8779 -1.6572 -0.5304 8.2568 5.5236 -1.9477
55 1958-07-01 7.83 7.3927 7.0977 7.3207 9.5779 -0.8279 -0.5352 8.1227 6.2236 -1.9455
56 1958-08-01 7.67 7.3921 6.9377 7.3159 9.4179 -0.5277 -0.54 7.6577 6.0636 -1.9433
57 1958-09-01 7.3 7.3914 6.5677 7.3111 9.0479 -0.0114 -0.5448 6.7666 5.6936 -1.941
58 1958-10-01 6.12 7.3907 5.3877 7.3063 7.8679 -0.9724 -0.5496 6.5428 4.5136 -1.9388
59 1958-11-01 7.22 7.39 6.4877 7.3015 8.9679 0.4502 -0.5544 6.2154 5.6136 -1.9366
60 1958-12-01 6.43 7.3893 5.6977 7.2967 8.1779 -0.2708 -0.5592 6.1416 4.8236 -1.9343
61 1959-01-01 7.37 7.3886 6.6377 7.2919 9.1179 1.0411 -0.564 5.7649 5.7636 -1.9321
62 1959-02-01 6.9 7.388 6.1677 7.2871 8.6479 -0.2775 -0.5688 6.6087 5.2936 -1.9299
63 1959-03-01 8.73 7.3873 7.9977 7.2823 10.4779 -0.0138 -0.5736 8.1702 7.1236 -1.9276
64 1959-04-01 8.44 7.3866 7.7077 7.2775 10.1879 -0.9252 -0.5784 8.7868 6.8336 -1.9254
65 1959-05-01 7.8 7.3859 7.0677 7.2727 9.5479 -1.338 -0.5832 8.5548 6.1936 -1.9232
66 1959-06-01 7.81 7.3852 7.0777 7.2679 9.5579 -0.9772 -0.588 8.1992 6.2036 -1.9209
67 1959-07-01 8.54 7.3845 7.8077 7.263 10.2879 -0.1179 -0.5928 8.0651 6.9336 -1.9187
68 1959-08-01 7.6 7.3839 6.8677 7.2582 9.3479 -0.5977 -0.5976 7.6 5.9936 -1.9165
69 1959-09-01 6.57 7.3832 5.8377 7.2534 8.3179 -0.7414 -0.6025 6.709 4.9636 -1.9142
70 1959-10-01 5.92 7.3825 5.1877 7.2486 7.6679 -1.1724 -0.6073 6.4852 4.3136 -1.912
71 1959-11-01 6.58 7.3818 5.8477 7.2438 8.3279 -0.1898 -0.6121 6.1577 4.9736 -1.9098
72 1959-12-01 6.4 7.3811 5.6677 7.239 8.1479 -0.3008 -0.6169 6.0839 4.7936 -1.9075
73 1960-01-01 5.91 7.3804 5.1777 7.2342 7.6579 -0.4189 -0.6217 5.7072 4.3036 -1.9053
74 1960-02-01 7.65 7.3797 6.9177 7.2294 9.3979 0.4725 -0.6265 6.551 6.0436 -1.9031
75 1960-03-01 7.73 6.3048 8.0719 6.4981 10.1997 -1.0138 -1.3578 7.386 6.894 -1.9008
76 1960-04-01 9.52 6.3042 9.8619 6.4933 11.9897 0.1548 -1.3626 8.0026 8.684 -1.8986
77 1960-05-01 8.15 6.3035 8.4919 6.4885 10.6197 -0.988 -1.3674 7.7706 7.314 -1.8964
78 1960-06-01 7.03 6.3028 7.3719 6.4837 9.4997 -1.7572 -1.3722 7.415 6.194 -1.8941
79 1960-07-01 7.87 6.3021 8.2119 6.4789 10.3397 -0.7879 -1.377 7.2809 7.034 -1.8919
80 1960-08-01 6.83 6.3014 7.1719 6.474 9.2997 -1.3677 -1.3818 6.8158 5.994 -1.8897
81 1960-09-01 6.87 6.3007 7.2119 6.4692 9.3397 -0.4414 -1.3866 5.9248 6.034 -1.8875
82 1960-10-01 7.5 6.3001 7.8419 6.4644 9.9697 0.4076 -1.3915 5.701 6.664 -1.8852
83 1960-11-01 5.3 6.2994 5.6419 6.4596 7.7697 -1.4698 -1.3963 5.3735 4.464 -1.883
84 1960-12-01 2.67 6.2987 3.0119 6.4548 5.1397 -4.0308 -1.4011 5.2997 1.834 -1.8808
85 1961-01-01 4.76 6.298 5.1019 6.45 7.2297 -1.5689 -1.4059 4.923 3.924 -1.8785
86 1961-02-01 7.38 6.2973 7.7219 6.4452 9.8497 0.2025 -1.4107 5.7668 6.544 -1.8763
87 1961-03-01 5.93 6.2966 6.2719 6.4404 8.3997 -2.8138 -1.4155 7.3283 5.094 -1.8741
88 1961-04-01 6.76 6.296 7.1019 6.4356 9.2297 -2.6052 -1.4203 7.945 5.924 -1.8718
89 1961-05-01 6.34 6.2953 6.6819 6.4308 8.8097 -2.798 -1.4251 7.7129 5.504 -1.8696
90 1961-06-01 5.98 6.2946 6.3219 6.426 8.4497 -2.8072 -1.4299 7.3573 5.144 -1.8674
91 1961-07-01 6.91 6.2939 7.2519 6.4212 9.3797 -1.7479 -1.4347 7.2232 6.074 -1.8651
92 1961-08-01 6.41 6.2932 6.7519 6.4164 8.8797 -1.7877 -1.4395 6.7582 5.574 -1.8629
93 1961-09-01 7 6.2925 7.3419 6.4116 9.4697 -0.3114 -1.4443 5.8671 6.164 -1.8607
94 1961-10-01 6.29 6.2919 6.6319 6.4068 8.7597 -0.8024 -1.4491 5.6433 5.454 -1.8584
95 1961-11-01 7.15 6.2912 7.4919 6.402 9.6197 0.3802 -1.4539 5.3158 6.314 -1.8562
96 1961-12-01 6.15 6.2905 6.4919 6.3972 8.6197 -0.5508 -1.4587 5.2421 5.314 -1.854
97 1962-01-01 4.72 6.2898 5.0619 6.3924 7.1897 -1.6089 -1.4635 4.8654 3.884 -1.8517
98 1962-02-01 4.64 6.2891 4.9819 6.3876 7.1097 -2.5375 -1.4683 5.7092 3.804 -1.8495
99 1962-03-01 6.6 6.2884 6.9419 6.3828 9.0697 -2.1438 -1.4731 7.2707 5.764 -1.8473
100 1962-04-01 8.61 6.2877 8.9519 6.378 11.0797 -0.7552 -1.4779 7.8873 7.774 -1.845
101 1962-05-01 7.99 6.2871 8.3319 6.3731 10.4597 -1.148 -1.4827 7.6553 7.154 -1.8428
102 1962-06-01 7.7 6.2864 8.0419 6.3683 10.1697 -1.0872 -1.4875 7.2997 6.864 -1.8406
103 1962-07-01 6.7 6.2857 7.0419 6.3635 9.1697 -1.9579 -1.4924 7.1656 5.864 -1.8383
104 1962-08-01 5.5 6.285 5.8419 6.3587 7.9697 -2.6977 -1.4972 6.7005 4.664 -1.8361
105 1962-09-01 5.41 6.2843 5.7519 6.3539 7.8797 -1.9014 -1.502 5.8095 4.574 -1.8339
106 1962-10-01 5.14 6.2836 5.4819 6.3491 7.6097 -1.9524 -1.5068 5.5857 4.304 -1.8316
107 1962-11-01 7.5 6.283 7.8419 6.3443 9.9697 0.7302 -1.5116 5.2582 6.664 -1.8294
108 1962-12-01 6.15 6.2823 6.4919 6.3395 8.6197 -0.5508 -1.5164 5.1844 5.314 -1.8272
109 1963-01-01 3.85 6.2816 4.1919 6.3347 6.3197 -2.4789 -1.5212 4.8077 3.014 -1.8249
110 1963-02-01 5.31 6.2809 5.6519 6.3299 7.7797 -1.8675 -1.526 5.6515 4.474 -1.8227
111 1963-03-01 8.24 6.2802 8.5819 6.3251 10.7097 -0.5038 -1.5308 7.213 7.404 -1.8205
112 1963-04-01 6.37 6.2795 6.7119 6.3203 8.8397 -2.9952 -1.5356 7.8296 5.534 -1.8183
113 1963-05-01 8.06 6.2789 8.4019 6.3155 10.5297 -1.078 -1.5404 7.5976 7.224 -1.816
114 1963-06-01 7.07 6.2782 7.4119 6.3107 9.5397 -1.7172 -1.5452 7.242 6.234 -1.8138
115 1963-07-01 6.32 6.2775 6.6619 6.3059 8.7897 -2.3379 -1.55 7.1079 5.484 -1.8116
116 1963-08-01 4.99 6.2768 5.3319 6.3011 7.4597 -3.2077 -1.5548 6.6429 4.154 -1.8093
117 1963-09-01 4.09 6.2761 4.4319 6.2963 6.5597 -3.2214 -1.5596 5.7518 3.254 -1.8071
118 1963-10-01 5.68 6.2754 6.0219 6.2915 8.1497 -1.4124 -1.5644 5.528 4.844 -1.8049
119 1963-11-01 6.69 6.2748 7.0319 6.2867 9.1597 -0.0798 -1.5692 5.2005 5.854 -1.8026
120 1963-12-01 5.09 6.2741 5.4319 6.2819 7.5597 -1.6108 -1.574 5.1268 4.254 -1.8004
121 1964-01-01 8.08 6.2734 8.4219 6.2771 10.5497 1.7511 -1.5788 4.7501 7.244 -1.7982
122 1964-02-01 6.93 6.2727 7.2719 6.2723 9.3997 -0.2475 -1.5836 5.5938 6.094 -1.7959
123 1964-03-01 7.33 6.272 7.6719 6.2674 9.7997 -1.4138 -1.5884 7.1554 6.494 -1.7937
124 1964-04-01 9.02 6.2713 9.3619 6.2626 11.4897 -0.3452 -1.5932 7.772 8.184 -1.7915
125 1964-05-01 7.81 6.2707 8.1519 6.2578 10.2797 -1.328 -1.5981 7.5399 6.974 -1.7892
126 1964-06-01 5.77 6.27 6.1119 6.253 8.2397 -3.0172 -1.6029 7.1844 4.934 -1.787
127 1964-07-01 6.94 6.2693 7.2819 6.2482 9.4097 -1.7179 -1.6077 7.0503 6.104 -1.7848
128 1964-08-01 7.14 6.2686 7.4819 6.2434 9.6097 -1.0577 -1.6125 6.5852 6.304 -1.7825
129 1964-09-01 6.68 6.2679 7.0219 6.2386 9.1497 -0.6314 -1.6173 5.6942 5.844 -1.7803
130 1964-10-01 4.58 6.2672 4.9219 6.2338 7.0497 -2.5124 -1.6221 5.4704 3.744 -1.7781
131 1964-11-01 5.19 6.2666 5.5319 6.229 7.6597 -1.5798 -1.6269 5.1429 4.354 -1.7758
132 1964-12-01 5.44 6.2659 5.7819 6.2242 7.9097 -1.2608 -1.6317 5.0691 4.604 -1.7736
133 1965-01-01 3.92 6.2652 4.2619 6.2194 6.3897 -2.4089 -1.6365 4.6924 3.084 -1.7714
134 1965-02-01 5.46 6.2645 5.8019 6.2146 7.9297 -1.7175 -1.6413 5.5362 4.624 -1.7691
135 1965-03-01 5.43 6.2638 5.7719 6.2098 7.8997 -3.3138 -1.6461 7.0977 4.594 -1.7669
136 1965-04-01 6.57 6.2631 6.9119 6.205 9.0397 -2.7952 -1.6509 7.7143 5.734 -1.7647
137 1965-05-01 7.02 6.2625 7.3619 6.2002 9.4897 -2.118 -1.6557 7.4823 6.184 -1.7624
138 1965-06-01 7.57 6.2618 7.9119 6.1954 10.0397 -1.2172 -1.6605 7.1267 6.734 -1.7602
139 1965-07-01 5.93 6.2611 6.2719 6.1906 8.3997 -2.7279 -1.6653 6.9926 5.094 -1.758
140 1965-08-01 4.36 5.1107 5.8516 5.2979 7.7177 -3.8377 -2.558 5.6397 5.387 -1.7557
141 1965-09-01 3.61 5.1101 5.1016 5.2931 6.9677 -3.7014 -2.5628 4.7486 4.637 -1.7535
142 1965-10-01 4.64 5.1094 6.1316 5.2883 7.9977 -2.4524 -2.5676 4.5248 5.667 -1.7513
143 1965-11-01 2.84 5.1087 4.3316 5.2835 6.1977 -3.9298 -2.5724 4.1973 3.867 -1.7491
144 1965-12-01 5.16 5.108 6.6516 5.2787 8.5177 -1.5408 -2.5772 4.1236 6.187 -1.7468
145 1966-01-01 4.11 5.1073 5.6016 5.2739 7.4677 -2.2189 -2.582 3.7469 5.137 -1.7446
146 1966-02-01 4.39 5.1066 5.8816 5.2691 7.7477 -2.7875 -2.5868 4.5907 5.417 -1.7424
147 1966-03-01 7.33 5.106 8.8216 5.2643 10.6877 -1.4138 -2.5916 6.1522 8.357 -1.7401
148 1966-04-01 6.87 5.1053 8.3616 5.2595 10.2277 -2.4952 -2.5964 6.7688 7.897 -1.7379
149 1966-05-01 7.38 5.1046 8.8716 5.2546 10.7377 -1.758 -2.6012 6.5368 8.407 -1.7357
150 1966-06-01 5.55 5.1039 7.0416 5.2498 8.9077 -3.2372 -2.606 6.1812 6.577 -1.7334
151 1966-07-01 4.88 5.1032 6.3716 5.245 8.2377 -3.7779 -2.6109 6.0471 5.907 -1.7312
152 1966-08-01 6.31 5.1025 7.8016 5.2402 9.6677 -1.8877 -2.6157 5.582 7.337 -1.729
153 1966-09-01 3.21 5.1019 4.7016 5.2354 6.5677 -4.1014 -2.6205 4.691 4.237 -1.7267
154 1966-10-01 4.29 5.1012 5.7816 5.2306 7.6477 -2.8024 -2.6253 4.4672 5.317 -1.7245
155 1966-11-01 4.42 5.1005 5.9116 5.2258 7.7777 -2.3498 -2.6301 4.1397 5.447 -1.7223
156 1966-12-01 5.87 5.0998 7.3616 5.221 9.2277 -0.8308 -2.6349 4.0659 6.897 -1.72
157 1967-01-01 5.7 5.0991 7.1916 5.2162 9.0577 -0.6289 -2.6397 3.6892 6.727 -1.7178
158 1967-02-01 4.11 5.0984 5.6016 5.2114 7.4677 -3.0675 -2.6445 4.533 5.137 -1.7156
159 1967-03-01 6.27 5.0977 7.7616 5.2066 9.6277 -2.4738 -2.6493 6.0945 7.297 -1.7133
160 1967-04-01 5.92 5.0971 7.4116 5.2018 9.2777 -3.4452 -2.6541 6.7111 6.947 -1.7111
161 1967-05-01 4.43 4.0472 6.9707 4.3109 8.6738 -4.708 -3.545 5.593 3.7327 -1.7089
162 1967-06-01 4.79 4.0465 7.3307 4.3061 9.0338 -3.9972 -3.5498 5.2374 4.0927 -1.7066
163 1967-07-01 5.37 4.0459 7.9107 4.3013 9.6138 -3.2879 -3.5546 5.1033 4.6727 -1.7044
164 1967-08-01 4.27 4.0452 6.8107 4.2965 8.5138 -3.9277 -3.5594 4.6383 3.5727 -1.7022
165 1967-09-01 3.37 4.0445 5.9107 4.2917 7.6138 -3.9414 -3.5642 3.7472 2.6727 -1.6999
166 1967-10-01 5.61 4.0438 8.1507 4.2869 9.8538 -1.4824 -3.569 3.5234 4.9127 -1.6977
167 1967-11-01 3.79 6.3355 4.0384 5.9751 6.3407 -2.9798 -1.8808 4.889 2.9096 -1.6955
168 1967-12-01 5.94 6.3348 6.1884 5.9703 8.4907 -0.7608 -1.8856 4.8152 5.0596 -1.6932
169 1968-01-01 6.48 6.3341 6.7284 5.9655 9.0307 0.1511 -1.8904 4.4385 5.5996 -1.691
170 1968-02-01 4.13 6.3334 4.3784 5.9607 6.6807 -3.0475 -1.8952 5.2823 3.2496 -1.6888
171 1968-03-01 5.88 6.3327 6.1284 5.9559 8.4307 -2.8638 -1.9 6.8439 4.9996 -1.6865
172 1968-04-01 8.46 6.332 8.7084 5.9511 11.0107 -0.9052 -1.9048 7.4605 7.5796 -1.6843
173 1968-05-01 6.4 6.3314 6.6484 5.9463 8.9507 -2.738 -1.9096 7.2284 5.5196 -1.6821
174 1968-06-01 7.06 6.3307 7.3084 5.9415 9.6107 -1.7272 -1.9144 6.8728 6.1796 -1.6798
175 1968-07-01 6.99 6.33 7.2384 5.9367 9.5407 -1.6679 -1.9192 6.7387 6.1096 -1.6776
176 1968-08-01 5.47 6.3293 5.7184 5.9319 8.0207 -2.7277 -1.924 6.2737 4.5896 -1.6754
177 1968-09-01 5.62 6.3286 5.8684 5.9271 8.1707 -1.6914 -1.9288 5.3826 4.7396 -1.6732
178 1968-10-01 6.08 5.5544 7.1019 5.7738 8.7793 -1.0124 -2.0821 5.0103 6.4443 -1.6709
179 1968-11-01 4.41 5.5537 5.4319 5.7689 7.1093 -2.3598 -2.0869 4.6828 4.7743 -1.6687
180 1968-12-01 4.49 5.5531 5.5119 5.7641 7.1893 -2.2108 -2.0917 4.6091 4.8543 -1.6665
181 1969-01-01 3.88 5.5524 4.9019 5.7593 6.5793 -2.4489 -2.0966 4.2323 4.2443 -1.6642
182 1969-02-01 4.97 5.5517 5.9919 5.7545 7.6693 -2.2075 -2.1014 5.0761 5.3343 -1.662
183 1969-03-01 6.24 5.551 7.2619 5.7497 8.9393 -2.5038 -2.1062 6.6377 6.6043 -1.6598
184 1969-04-01 7.57 5.5503 8.5919 5.7449 10.2693 -1.7952 -2.111 7.2543 7.9343 -1.6575
185 1969-05-01 7.6 5.5496 8.6219 5.7401 10.2993 -1.538 -2.1158 7.0222 7.9643 -1.6553
186 1969-06-01 5.7 5.549 6.7219 5.7353 8.3993 -3.0872 -2.1206 6.6666 6.0643 -1.6531
187 1969-07-01 6.77 5.5483 7.7919 5.7305 9.4693 -1.8879 -2.1254 6.5325 7.1343 -1.6508
188 1969-08-01 6.71 5.5476 7.7319 5.7257 9.4093 -1.4877 -2.1302 6.0675 7.0743 -1.6486
189 1969-09-01 5.21 5.5469 6.2319 5.7209 7.9093 -2.1014 -2.135 5.1764 5.5743 -1.6464
190 1969-10-01 3.56 5.5462 4.5819 5.7161 6.2593 -3.5324 -2.1398 4.9526 3.9243 -1.6441
191 1969-11-01 4.06 5.5455 5.0819 5.7113 6.7593 -2.7098 -2.1446 4.6252 4.4243 -1.6419
192 1969-12-01 3.2 5.5449 4.2219 5.7065 5.8993 -3.5008 -2.1494 4.5514 3.5643 -1.6397
193 1970-01-01 3.03 5.5442 4.0519 5.7017 5.7293 -3.2989 -2.1542 4.1747 3.3943 -1.6374
194 1970-02-01 3.29 5.5435 4.3119 5.6969 5.9893 -3.8875 -2.159 5.0185 3.6543 -1.6352
195 1970-03-01 7.15 5.5428 8.1719 5.6921 9.8493 -1.5938 -2.1638 6.58 7.5143 -1.633
196 1970-04-01 8.76 5.5421 9.7819 5.6873 11.4593 -0.6052 -2.1686 7.1966 9.1243 -1.6307
197 1970-05-01 6.75 5.5414 7.7719 5.6825 9.4493 -2.388 -2.1734 6.9646 7.1143 -1.6285
198 1970-06-01 7.46 5.5408 8.4819 5.6777 10.1593 -1.3272 -2.1782 6.609 7.8243 -1.6263
199 1970-07-01 6.09 5.5401 7.1119 5.6729 8.7893 -2.5679 -2.183 6.4749 6.4543 -1.624
200 1970-08-01 5.97 5.5394 6.9919 5.668 8.6693 -2.2277 -2.1878 6.0098 6.3343 -1.6218
201 1970-09-01 6.27 5.5387 7.2919 5.6632 8.9693 -1.0414 -2.1926 5.1188 6.6343 -1.6196
202 1970-10-01 4.74 5.538 5.7619 5.6584 7.4393 -2.3524 -2.1974 4.895 5.1043 -1.6173
203 1970-11-01 4.16 5.5373 5.1819 5.6536 6.8593 -2.6098 -2.2023 4.5675 4.5243 -1.6151
204 1970-12-01 6.51 5.5367 7.5319 5.6488 9.2093 -0.1908 -2.2071 4.4937 6.8743 -1.6129
205 1971-01-01 3.33 5.536 4.3519 5.644 6.0293 -2.9989 -2.2119 4.117 3.6943 -1.6106
206 1971-02-01 6.35 5.5353 7.3719 5.6392 9.0493 -0.8275 -2.2167 4.9608 6.7143 -1.6084
207 1971-03-01 8.56 5.5346 9.5819 5.6344 11.2593 -0.1838 -2.2215 6.5223 8.9243 -1.6062
208 1971-04-01 7.95 5.5339 8.9719 5.6296 10.6493 -1.4152 -2.2263 7.139 8.3143 -1.604
209 1971-05-01 7.54 5.5332 8.5619 5.6248 10.2393 -1.598 -2.2311 6.9069 7.9043 -1.6017
210 1971-06-01 5.78 5.5326 6.8019 5.62 8.4793 -3.0072 -2.2359 6.5513 6.1443 -1.5995
211 1971-07-01 5.85 5.5319 6.8719 5.6152 8.5493 -2.8079 -2.2407 6.4172 6.2143 -1.5973
212 1971-08-01 6.15 5.5312 7.1719 5.6104 8.8493 -2.0477 -2.2455 5.9522 6.5143 -1.595
213 1971-09-01 4.47 5.5305 5.4919 5.6056 7.1693 -2.8414 -2.2503 5.0611 4.8343 -1.5928
214 1971-10-01 5.59 5.5298 6.6119 5.6008 8.2893 -1.5024 -2.2551 4.8373 5.9543 -1.5906
215 1971-11-01 5.14 5.5291 6.1619 5.596 7.8393 -1.6298 -2.2599 4.5098 5.5043 -1.5883
216 1971-12-01 4.19 5.5285 5.2119 5.5912 6.8893 -2.5108 -2.2647 4.4361 4.5543 -1.5861
217 1972-01-01 4.51 5.5278 5.5319 5.5864 7.2093 -1.8189 -2.2695 4.0594 4.8743 -1.5839
218 1972-02-01 4.75 5.5271 5.7719 5.5816 7.4493 -2.4275 -2.2743 4.9032 5.1143 -1.5816
219 1972-03-01 5.65 5.5264 6.6719 5.5768 8.3493 -3.0938 -2.2791 6.4647 6.0143 -1.5794
220 1972-04-01 8.74 5.5257 9.7619 5.572 11.4393 -0.6252 -2.2839 7.0813 9.1043 -1.5772
221 1972-05-01 6.81 5.525 7.8319 5.5672 9.5093 -2.328 -2.2887 6.8493 7.1743 -1.5749
222 1972-06-01 4.89 5.5244 5.9119 5.5623 7.5893 -3.8972 -2.2935 6.4937 5.2543 -1.5727
223 1972-07-01 8 5.5237 9.0219 5.5575 10.6993 -0.6579 -2.2983 6.3596 8.3643 -1.5705
224 1972-08-01 5.36 5.523 6.3819 5.5527 8.0593 -2.8377 -2.3032 5.8945 5.7243 -1.5682
225 1972-09-01 4.52 5.5223 5.5419 5.5479 7.2193 -2.7914 -2.308 5.0035 4.8843 -1.566
226 1972-10-01 3.81 5.5216 4.8319 5.5431 6.5093 -3.2824 -2.3128 4.7797 4.1743 -1.5638
227 1972-11-01 3.45 5.5209 4.4719 5.5383 6.1493 -3.3198 -2.3176 4.4522 3.8143 -1.5615
228 1972-12-01 4 5.5203 5.0219 5.5335 6.6993 -2.7008 -2.3224 4.3784 4.3643 -1.5593
229 1973-01-01 4.68 5.5196 5.7019 5.5287 7.3793 -1.6489 -2.3272 4.0017 5.0443 -1.5571
230 1973-02-01 3.45 5.5189 4.4719 5.5239 6.1493 -3.7275 -2.332 4.8455 3.8143 -1.5548
231 1973-03-01 7.2 6.3657 7.3744 6.1936 9.2248 -1.5438 -1.6623 7.0815 6.3935 -1.5526
232 1973-04-01 6.34 6.365 6.5144 6.1888 8.3648 -3.0252 -1.6671 7.6982 5.5335 -1.5504
233 1973-05-01 8.02 6.3644 8.1944 6.184 10.0448 -1.118 -1.6719 7.4661 7.2135 -1.5481
234 1973-06-01 7.32 6.3637 7.4944 6.1792 9.3448 -1.4672 -1.6767 7.1105 6.5135 -1.5459
235 1973-07-01 8.24 6.363 8.4144 6.1744 10.2648 -0.4179 -1.6815 6.9764 7.4335 -1.5437
236 1973-08-01 6.54 6.3623 6.7144 6.1696 8.5648 -1.6577 -1.6863 6.5114 5.7335 -1.5414
237 1973-09-01 5.28 6.3616 5.4544 6.1648 7.3048 -2.0314 -1.6911 5.6203 4.4735 -1.5392
238 1973-10-01 4.48 6.3609 4.6544 6.16 6.5048 -2.6124 -1.6959 5.3965 3.6735 -1.537
239 1973-11-01 5.18 6.3603 5.3544 6.1552 7.2048 -1.5898 -1.7007 5.069 4.3735 -1.5347
240 1973-12-01 5.38 6.3596 5.5544 6.1504 7.4048 -1.3208 -1.7055 4.9953 4.5735 -1.5325
241 1974-01-01 4.25 6.3589 4.4244 6.1456 6.2748 -2.0789 -1.7103 4.6186 3.4435 -1.5303
242 1974-02-01 5.77 6.3582 5.9444 6.1408 7.7948 -1.4075 -1.7151 5.4624 4.9635 -1.5281
243 1974-03-01 5.51 4.38 7.6619 4.6587 9.0122 -3.2338 -3.1972 5.5466 6.5417 -1.5258
244 1974-04-01 5.7 4.3794 7.8519 4.6538 9.2022 -3.6652 -3.202 6.1632 6.7317 -1.5236
245 1974-05-01 5.56 4.3787 7.7119 4.649 9.0622 -3.578 -3.2068 5.9312 6.5917 -1.5214
246 1974-06-01 6.13 4.378 8.2819 4.6442 9.6322 -2.6572 -3.2116 5.5756 7.1617 -1.5191
247 1974-07-01 4.6 4.3773 6.7519 4.6394 8.1022 -4.0579 -3.2165 5.4415 5.6317 -1.5169
248 1974-08-01 4.81 4.3766 6.9619 4.6346 8.3122 -3.3877 -3.2213 4.9764 5.8417 -1.5147
249 1974-09-01 3.76 4.3759 5.9119 4.6298 7.2622 -3.5514 -3.2261 4.0854 4.7917 -1.5124
250 1974-10-01 2.36 4.3753 4.5119 4.625 5.8622 -4.7324 -3.2309 3.8616 3.3917 -1.5102
251 1974-11-01 2.85 4.3746 5.0019 4.6202 6.3522 -3.9198 -3.2357 3.5341 3.8817 -1.508
252 1974-12-01 3.26 4.3739 5.4119 4.6154 6.7622 -3.4408 -3.2405 3.4603 4.2917 -1.5057
253 1975-01-01 3.02 4.3732 5.1719 4.6106 6.5222 -3.3089 -3.2453 3.0836 4.0517 -1.5035
254 1975-02-01 2.48 4.3725 4.6319 4.6058 5.9822 -4.6975 -3.2501 3.9274 3.5117 -1.5013
255 1975-03-01 6.5 4.3718 8.6519 4.601 10.0022 -2.2438 -3.2549 5.4889 7.5317 -1.499
256 1975-04-01 5.21 4.3712 7.3619 4.5962 8.7122 -4.1552 -3.2597 6.1055 6.2417 -1.4968
257 1975-05-01 6.34 4.3705 8.4919 4.5914 9.8422 -2.798 -3.2645 5.8735 7.3717 -1.4946
258 1975-06-01 5.38 4.3698 7.5319 4.5866 8.8822 -3.4072 -3.2693 5.5179 6.4117 -1.4923
259 1975-07-01 5.04 4.3691 7.1919 4.5818 8.5422 -3.6179 -3.2741 5.3838 6.0717 -1.4901
260 1975-08-01 4.85 4.3684 7.0019 4.577 8.3522 -3.3477 -3.2789 4.9187 5.8817 -1.4879
261 1975-09-01 3.75 4.3677 5.9019 4.5722 7.2522 -3.5614 -3.2837 4.0277 4.7817 -1.4856
262 1975-10-01 5.5 4.3671 7.6519 4.5674 9.0022 -1.5924 -3.2885 3.8039 6.5317 -1.4834
263 1975-11-01 5.47 4.3664 7.6219 4.5626 8.9722 -1.2998 -3.2933 3.4764 6.5017 -1.4812
264 1975-12-01 4.3 4.3657 6.4519 4.5578 7.8022 -2.4008 -3.2981 3.4027 5.3317 -1.4789
265 1976-01-01 4.22 4.365 6.3719 4.553 7.7222 -2.1089 -3.3029 3.026 5.2517 -1.4767
266 1976-02-01 7.01 6.764 6.7622 7.0901 7.9702 -0.1675 -0.7658 6.4117 4.181 -1.4745
267 1976-03-01 8.32 6.7633 8.0722 7.0853 9.2802 -0.4238 -0.7706 7.9732 5.491 -1.4722
268 1976-04-01 8 6.7627 7.7522 7.0805 8.9602 -1.3652 -0.7754 8.5899 5.171 -1.47
269 1976-05-01 8.65 6.762 8.4022 7.0757 9.6102 -0.488 -0.7802 8.3578 5.821 -1.4678
270 1976-06-01 8.05 6.7613 7.8022 7.0709 9.0102 -0.7372 -0.785 8.0022 5.221 -1.4655
271 1976-07-01 7.17 6.7606 6.9222 7.0661 8.1302 -1.4879 -0.7898 7.8681 4.341 -1.4633
272 1976-08-01 4.53 4.9921 6.05 4.3196 8.2319 -3.6677 -3.5363 4.6614 6.05 -1.4611
273 1976-09-01 4.03 4.9914 5.55 4.3148 7.7319 -3.2814 -3.5411 3.7704 5.55 -1.4589
274 1976-10-01 3.92 4.9907 5.44 4.31 7.6219 -3.1724 -3.5459 3.5465 5.44 -1.4566
275 1976-11-01 2.25 4.99 3.77 4.3052 5.9519 -4.5198 -3.5507 3.2191 3.77 -1.4544
276 1976-12-01 3.61 4.9894 5.13 4.3004 7.3119 -3.0908 -3.5555 3.1453 5.13 -1.4522
277 1977-01-01 2.3 6.9071 1.9016 6.1703 4.1272 -4.0289 -1.6856 4.6433 -0.1051 -1.4499
278 1977-02-01 4.78 6.9064 4.3816 6.1655 6.6072 -2.3975 -1.6904 5.4871 2.3749 -1.4477
279 1977-03-01 9.77 6.9057 9.3716 6.1607 11.5972 1.0262 -1.6952 7.0486 7.3649 -1.4455
280 1977-04-01 7.43 6.905 7.0316 6.1559 9.2572 -1.9352 -1.7 7.6652 5.0249 -1.4432
281 1977-05-01 7.36 6.9043 6.9616 6.1511 9.1872 -1.778 -1.7048 7.4332 4.9549 -1.441
282 1977-06-01 7.83 6.9036 7.4316 6.1463 9.6572 -0.9572 -1.7096 7.0776 5.4249 -1.4388
283 1977-07-01 6.98 6.903 6.5816 6.1415 8.8072 -1.6779 -1.7144 6.9435 4.5749 -1.4365
284 1977-08-01 6.79 6.9023 6.3916 6.1367 8.6172 -1.4077 -1.7192 6.4784 4.3849 -1.4343
285 1977-09-01 5.12 6.9016 4.7216 6.1319 6.9472 -2.1914 -1.724 5.5874 2.7149 -1.4321
286 1977-10-01 5.29 4.584 7.2085 4.7096 8.5346 -1.8024 -3.1463 3.9462 9.1227 -1.4298
287 1977-11-01 5.47 4.5833 7.3885 4.7048 8.7146 -1.2998 -3.1511 3.6187 9.3027 -1.4276
288 1977-12-01 2.69 4.5826 4.6085 4.7 5.9346 -4.0108 -3.1559 3.5449 6.5227 -1.4254
289 1978-01-01 1.42 4.5819 3.3385 4.6952 4.6646 -4.9089 -3.1607 3.1682 5.2527 -1.4231
290 1978-02-01 3.63 4.5813 5.5485 4.6904 6.8746 -3.5475 -3.1655 4.012 7.4627 -1.4209
291 1978-03-01 5.36 4.5806 7.2785 4.6856 8.6046 -3.3838 -3.1703 5.5735 9.1927 -1.4187
292 1978-04-01 6.74 6.3755 6.863 5.7371 8.9284 -2.6252 -2.1188 7.2464 5.538 -1.4164
293 1978-05-01 8.61 6.3748 8.733 5.7323 10.7984 -0.528 -2.1236 7.0144 7.408 -1.4142
294 1978-06-01 6.68 6.3741 6.803 5.7275 8.8684 -2.1072 -2.1284 6.6588 5.478 -1.412
295 1978-07-01 6.36 6.3734 6.483 5.7227 8.5484 -2.2979 -2.1332 6.5247 5.158 -1.4097
296 1978-08-01 6.38 6.3727 6.503 5.7179 8.5684 -1.8177 -2.138 6.0596 5.178 -1.4075
297 1978-09-01 5.16 6.372 5.283 5.7131 7.3484 -2.1514 -2.1428 5.1686 3.958 -1.4053
298 1978-10-01 4.52 6.3714 4.643 5.7083 6.7084 -2.5724 -2.1476 4.9448 3.318 -1.403
299 1978-11-01 3.63 6.3707 3.753 5.7034 5.8184 -3.1398 -2.1524 4.6173 2.428 -1.4008
300 1978-12-01 6.1 6.37 6.223 5.6986 8.2884 -0.6008 -2.1572 4.5436 4.898 -1.3986
301 1979-01-01 2.76 6.3693 2.883 5.6938 4.9484 -3.5689 -2.1621 4.1668 1.558 -1.3963
302 1979-02-01 6.4 5.2996 7.592 5.2594 9.018 -0.7775 -2.5965 4.581 6.7506 -1.3941
303 1979-03-01 5.88 5.2989 7.072 5.2546 8.498 -2.8638 -2.6013 6.1426 6.2306 -1.3919
304 1979-04-01 6.32 5.2982 7.512 5.2498 8.938 -3.0452 -2.6061 6.7592 6.6706 -1.3896
305 1979-05-01 6.61 5.2976 7.802 5.245 9.228 -2.528 -2.6109 6.5271 6.9606 -1.3874
306 1979-06-01 6.52 5.2969 7.712 5.2402 9.138 -2.2672 -2.6157 6.1715 6.8706 -1.3852
307 1979-07-01 6.05 5.2962 7.242 5.2354 8.668 -2.6079 -2.6205 6.0375 6.4006 -1.383
308 1979-08-01 4.95 5.2955 6.142 5.2306 7.568 -3.2477 -2.6253 5.5724 5.3006 -1.3807
309 1979-09-01 4.77 5.2948 5.962 5.2258 7.388 -2.5414 -2.6301 4.6814 5.1206 -1.3785
-999.99 1979-10-01 -999.99 -999.99 -999.99 -999.99 -999.99 -999.99 -999.99 -999.99 -999.99 -999.99
311 1979-11-01 2.13 5.2935 3.322 5.2162 4.748 -4.6398 -2.6397 4.1301 2.4806 -1.374
312 1979-12-01 4.97 5.2928 6.162 5.2114 7.588 -1.7308 -2.6445 4.0563 5.3206 -1.3718
313 1980-01-01 4.44 5.2921 5.632 5.2066 7.058 -1.8889 -2.6493 3.6796 4.7906 -1.3696
314 1980-02-01 3.37 5.2914 4.562 5.2018 5.988 -3.8075 -2.6541 4.5234 3.7206 -1.3673
315 1980-03-01 6.53 5.2907 7.722 5.197 9.148 -2.2138 -2.6589 6.0849 6.8806 -1.3651
316 1980-04-01 7.04 3.7952 9.7268 4.1738 10.6763 -2.3252 -3.682 5.6832 7.7925 -1.3629
317 1980-05-01 6.28 3.7945 8.9668 4.169 9.9163 -2.858 -3.6869 5.4511 7.0325 -1.3606
318 1980-06-01 3.52 3.7938 6.2068 4.1642 7.1563 -5.2672 -3.6917 5.0956 4.2725 -1.3584
319 1980-07-01 4.35 3.7931 7.0368 4.1594 7.9863 -4.3079 -3.6965 4.9615 5.1025 -1.3562
320 1980-08-01 5.05 3.7925 7.7368 4.1546 8.6863 -3.1477 -3.7013 4.4964 5.8025 -1.3539
321 1980-09-01 3.99 3.7918 6.6768 4.1498 7.6263 -3.3214 -3.7061 3.6054 4.7425 -1.3517
322 1980-10-01 2.99 3.7911 5.6768 4.145 6.6263 -4.1024 -3.7109 3.3816 3.7425 -1.3495
323 1980-11-01 4.12 3.7904 6.8068 4.1402 7.7563 -2.6498 -3.7157 3.0541 4.8725 -1.3472
324 1980-12-01 2.83 3.7897 5.5168 4.1354 6.4663 -3.8708 -3.7205 2.9803 3.5825 -1.345
325 1981-01-01 1.06 3.789 3.7468 4.1306 4.6963 -5.2689 -3.7253 2.6036 1.8125 -1.3428
326 1981-02-01 3.72 3.7884 6.4068 4.1258 7.3563 -3.4575 -3.7301 3.4474 4.4725 -1.3405
327 1981-03-01 4.27 3.7877 6.9568 4.121 7.9063 -4.4738 -3.7349 5.0089 5.0225 -1.3383
328 1981-04-01 6.57 3.787 9.2568 4.1162 10.2063 -2.7952 -3.7397 5.6255 7.3225 -1.3361
329 1981-05-01 4.06 3.7863 6.7468 4.1114 7.6963 -5.078 -3.7445 5.3935 4.8125 -1.3338
330 1981-06-01 5.38 3.7856 8.0668 4.1066 9.0163 -3.4072 -3.7493 5.0379 6.1325 -1.3316
331 1981-07-01 4.92 3.7849 7.6068 4.1018 8.5563 -3.7379 -3.7541 4.9038 5.6725 -1.3294
332 1981-08-01 5.01 3.7843 7.6968 4.097 8.6463 -3.1877 -3.7589 4.4387 5.7625 -1.3271
333 1981-09-01 4.2 4.5443 6.1261 4.4986 7.4299 -3.1114 -3.3573 3.9542 5.1452 -1.3249
334 1981-10-01 4.27 4.5436 6.1961 4.4938 7.4999 -2.8224 -3.3621 3.7303 5.2152 -1.3227
335 1981-11-01 3.7 4.543 5.6261 4.489 6.9299 -3.0698 -3.3669 3.4029 4.6452 -1.3204
336 1981-12-01 3.01 4.5423 4.9361 4.4842 6.2399 -3.6908 -3.3717 3.3291 3.9552 -1.3182
337 1982-01-01 2.84 4.5416 4.7661 4.4794 6.0699 -3.4889 -3.3765 2.9524 3.7852 -1.316
338 1982-02-01 5.01 4.5409 6.9361 4.4746 8.2399 -2.1675 -3.3813 3.7962 5.9552 -1.3138
339 1982-03-01 4.53 4.5402 6.4561 4.4698 7.7599 -4.2138 -3.3861 5.3577 5.4752 -1.3115
340 1982-04-01 6.47 4.5395 8.3961 4.465 9.6999 -2.8952 -3.3909 5.9743 7.4152 -1.3093
341 1982-05-01 5.8 4.5389 7.7261 4.4602 9.0299 -3.338 -3.3957 5.7423 6.7452 -1.3071
342 1982-06-01 4.84 4.5382 6.7661 4.4554 8.0699 -3.9472 -3.4005 5.3867 5.7852 -1.3048
343 1982-07-01 4.39 4.5375 6.3161 4.4506 7.6199 -4.2679 -3.4053 5.2526 5.3352 -1.3026
344 1982-08-01 4.6 4.5368 6.5261 4.4458 7.8299 -3.5977 -3.4101 4.7875 5.5452 -1.3004
345 1982-09-01 4.09 5.4157 5.1365 5.332 6.4289 -3.2214 -2.5239 4.7876 4.688 -1.2981
346 1982-10-01 5.72 5.415 6.7665 5.3272 8.0589 -1.3724 -2.5287 4.5638 6.318 -1.2959
347 1982-11-01 3.28 5.4143 4.3265 5.3224 5.6189 -3.4898 -2.5335 4.2363 3.878 -1.2937
348 1982-12-01 5.5 5.4137 6.5465 5.3176 7.8389 -1.2008 -2.5383 4.1625 6.098 -1.2914
349 1983-01-01 4.54 5.413 5.5865 5.3128 6.8789 -1.7889 -2.5431 3.7858 5.138 -1.2892
350 1983-02-01 5.27 5.4123 6.3165 5.308 7.6089 -1.9075 -2.5479 4.6296 5.868 -1.287
351 1983-03-01 5.64 5.4116 6.6865 5.3032 7.9789 -3.1038 -2.5527 6.1911 6.238 -1.2847
352 1983-04-01 4.95 5.4109 5.9965 5.2984 7.2889 -4.4152 -2.5575 6.8077 5.548 -1.2825
353 1983-05-01 5.36 5.4102 6.4065 5.2936 7.6989 -3.778 -2.5623 6.5757 5.958 -1.2803
354 1983-06-01 5.01 5.4096 6.0565 5.2888 7.3489 -3.7772 -2.5671 6.2201 5.608 -1.278
355 1983-07-01 5.25 5.4089 6.2965 5.284 7.5889 -3.4079 -2.5719 6.086 5.848 -1.2758
356 1983-08-01 5.49 5.4082 6.5365 5.2792 7.8289 -2.7077 -2.5767 5.6209 6.088 -1.2736
357 1983-09-01 4.64 5.4075 5.6865 5.2744 6.9789 -2.6714 -2.5815 4.7299 5.238 -1.2713
358 1983-10-01 3.13 5.4068 4.1765 5.2696 5.4689 -3.9624 -2.5863 4.5061 3.728 -1.2691
359 1983-11-01 5.62 5.4061 6.6665 5.2648 7.9589 -1.1498 -2.5911 4.1786 6.218 -1.2669
360 1983-12-01 3.34 5.4055 4.3865 5.2599 5.6789 -3.3608 -2.5959 4.1049 3.938 -1.2646
361 1984-01-01 3.18 5.4048 4.2265 5.2551 5.5189 -3.1489 -2.6007 3.7282 3.778 -1.2624
362 1984-02-01 6.88 5.4041 7.9265 5.2503 9.2189 -0.2975 -2.6056 4.5719 7.478 -1.2602
363 1984-03-01 5.71 5.4034 6.7565 5.2455 8.0489 -3.0338 -2.6104 6.1335 6.308 -1.2579
364 1984-04-01 9.49 5.4027 10.5365 5.2407 11.8289 0.1248 -2.6152 6.7501 10.088 -1.2557
365 1984-05-01 6.66 5.402 7.7065 5.2359 8.9989 -2.478 -2.62 6.518 7.258 -1.2535
366 1984-06-01 5.61 5.4014 6.6565 5.2311 7.9489 -3.1772 -2.6248 6.1624 6.208 -1.2512
367 1984-07-01 6.05 5.4007 7.0965 5.2263 8.3889 -2.6079 -2.6296 6.0284 6.648 -1.249
368 1984-08-01 5.17 5.4 6.2165 5.2215 7.5089 -3.0277 -2.6344 5.5633 5.768 -1.2468
369 1984-09-01 6.09 5.3993 7.1365 5.2167 8.4289 -1.2214 -2.6392 4.6723 6.688 -1.2446
370 1984-10-01 6.22 5.3986 7.2665 5.2119 8.5589 -0.8724 -2.644 4.4484 6.818 -1.2423
371 1984-11-01 4.81 5.3979 5.8565 5.2071 7.1489 -1.9598 -2.6488 4.121 5.408 -1.2401
372 1984-12-01 3.41 5.3973 4.4565 5.2023 5.7489 -3.2908 -2.6536 4.0472 4.008 -1.2379
373 1985-01-01 1.85 5.3966 2.8965 5.1975 4.1889 -4.4789 -2.6584 3.6705 2.448 -1.2356
374 1985-02-01 4.14 5.3959 5.1865 5.1927 6.4789 -3.0375 -2.6632 4.5143 4.738 -1.2334
375 1985-03-01 7.82 7.5895 6.6722 7.6241 7.7227 -0.9238 -0.2318 8.512 4.3404 -1.2312
376 1985-04-01 7.99 7.5888 6.8422 7.6193 7.8927 -1.3752 -0.2366 9.1286 4.5104 -1.2289
377 1985-05-01 8.23 7.5882 7.0822 7.6145 8.1327 -0.908 -0.2414 8.8966 4.7504 -1.2267
378 1985-06-01 10.31 7.5875 9.1622 7.6097 10.2127 1.5228 -0.2462 8.541 6.8304 -1.2245
379 1985-07-01 9.21 7.5868 8.0622 7.6049 9.1127 0.5521 -0.251 8.4069 5.7304 -1.2222
380 1985-08-01 9 7.5861 7.8522 7.6001 8.9027 0.8023 -0.2558 7.9418 5.5204 -1.22
381 1985-09-01 6.81 7.5854 5.6622 7.5953 6.7127 -0.5014 -0.2606 7.0508 3.3304 -1.2178
382 1985-10-01 8.04 7.5847 6.8922 7.5905 7.9427 0.9476 -0.2654 6.827 4.5604 -1.2155
383 1985-11-01 4.39 7.5841 3.2422 7.5857 4.2927 -2.3798 -0.2702 6.4995 0.9104 -1.2133
384 1985-12-01 1.77 5.0685 3.1371 5.2078 4.0458 -4.9308 -2.6481 4.0527 2.596 -1.2111
385 1986-01-01 4.61 5.0678 5.9771 5.203 6.8858 -1.7189 -2.6529 3.676 5.436 -1.2088
386 1986-02-01 4.07 5.0671 5.4371 5.1982 6.3458 -3.1075 -2.6577 4.5198 4.896 -1.2066
387 1986-03-01 5.96 5.0664 7.3271 5.1934 8.2358 -2.7838 -2.6625 6.0813 6.786 -1.2044
388 1986-04-01 6.95 5.0657 8.3171 5.1886 9.2258 -2.4152 -2.6673 6.6979 7.776 -1.2021
389 1986-05-01 7.12 5.0651 8.4871 5.1838 9.3958 -2.018 -2.6721 6.4659 7.946 -1.1999
390 1986-06-01 7.12 5.0644 8.4871 5.179 9.3958 -1.6672 -2.6769 6.1103 7.946 -1.1977
391 1986-07-01 6.87 6.2556 7.0451 6.1182 8.2018 -1.7879 -1.7377 6.9202 6.1869 -1.1954
392 1986-08-01 7.82 6.255 7.9951 6.1134 9.1518 -0.3777 -1.7425 6.4552 7.1369 -1.1932
393 1986-09-01 5.76 6.2543 5.9351 6.1086 7.0918 -1.5514 -1.7473 5.5641 5.0769 -1.191
394 1986-10-01 3.07 6.2536 3.2451 6.1038 4.4018 -4.0224 -1.7521 5.3403 2.3869 -1.1887
395 1986-11-01 6.38 6.2529 6.5551 6.099 7.7118 -0.3898 -1.7569 5.0129 5.6969 -1.1865
396 1986-12-01 4.08 6.2522 4.2551 6.0942 5.4118 -2.6208 -1.7617 4.9391 3.3969 -1.1843
397 1987-01-01 5.41 6.2515 5.5851 6.0894 6.7418 -0.9189 -1.7665 4.5624 4.7269 -1.182
398 1987-02-01 6.11 6.2509 6.2851 6.0846 7.4418 -1.0675 -1.7713 5.4062 5.4269 -1.1798
399 1987-03-01 6.4 6.2502 6.5751 6.0798 7.7318 -2.3438 -1.7761 6.9677 5.7169 -1.1776
400 1987-04-01 7.65 6.2495 7.8251 6.075 8.9818 -1.7152 -1.7809 7.5843 6.9669 -1.1753
401 1987-05-01 9.09 6.2488 9.2651 6.0702 10.4218 -0.048 -1.7857 7.3523 8.4069 -1.1731
402 1987-06-01 7.5 6.2481 7.6751 6.0654 8.8318 -1.2872 -1.7905 6.9967 6.8169 -1.1709
403 1987-07-01 7.85 6.2474 8.0251 6.0605 9.1818 -0.8079 -1.7953 6.8626 7.1669 -1.1687
404 1987-08-01 7.65 6.2468 7.8251 6.0557 8.9818 -0.5477 -1.8001 6.3975 6.9669 -1.1664
405 1987-09-01 5.98 6.2461 6.1551 6.0509 7.3118 -1.3314 -1.8049 5.5065 5.2969 -1.1642
406 1987-10-01 4.15 6.2454 4.3251 6.0461 5.4818 -2.9424 -1.8098 5.2827 3.4669 -1.162
407 1987-11-01 4.89 6.2447 5.0651 6.0413 6.2218 -1.8798 -1.8146 4.9552 4.2069 -1.1597
408 1987-12-01 5.98 6.244 6.1551 6.0365 7.3118 -0.7208 -1.8194 4.8814 5.2969 -1.1575
409 1988-01-01 5.6 6.2433 5.7751 6.0317 6.9318 -0.7289 -1.8242 4.5047 4.9169 -1.1553
410 1988-02-01 4.35 6.2427 4.5251 6.0269 5.6818 -2.8275 -1.829 5.3485 3.6669 -1.153
411 1988-03-01 8.5 6.242 8.6751 6.0221 9.8318 -0.2438 -1.8338 6.91 7.8169 -1.1508
412 1988-04-01 7.02 6.2413 7.1951 6.0173 8.3518 -2.3452 -1.8386 7.5267 6.3369 -1.1486
413 1988-05-01 7.79 6.2406 7.9651 6.0125 9.1218 -1.348 -1.8434 7.2946 7.1069 -1.1463
414 1988-06-01 7.48 6.2399 7.6551 6.0077 8.8118 -1.3072 -1.8482 6.939 6.7969 -1.1441
415 1988-07-01 7.37 6.2392 7.5451 6.0029 8.7018 -1.2879 -1.853 6.8049 6.6869 -1.1419
416 1988-08-01 7.14 6.2386 7.3151 5.9981 8.4718 -1.0577 -1.8578 6.3399 6.4569 -1.1396
417 1988-09-01 6.9 6.2379 7.0751 5.9933 8.2318 -0.4114 -1.8626 5.4488 6.2169 -1.1374
418 1988-10-01 3.98 6.2372 4.1551 5.9885 5.3118 -3.1124 -1.8674 5.225 3.2969 -1.1352
419 1988-11-01 7.39 6.2365 7.5651 5.9837 8.7218 0.6202 -1.8722 4.8975 6.7069 -1.1329
420 1988-12-01 3.99 6.2358 4.1651 5.9789 5.3218 -2.7108 -1.877 4.8238 3.3069 -1.1307
421 1989-01-01 6.23 6.2351 6.4051 5.9741 7.5618 -0.0989 -1.8818 4.4471 5.5469 -1.1285
422 1989-02-01 3.2 6.2345 3.3751 5.9693 4.5318 -3.9775 -1.8866 5.2909 2.5169 -1.1262
423 1989-03-01 5.87 6.2338 6.0451 5.9645 7.2018 -2.8738 -1.8914 6.8524 5.1869 -1.124
424 1989-04-01 7.14 6.2331 7.3151 5.9597 8.4718 -2.2252 -1.8962 7.469 6.4569 -1.1218
425 1989-05-01 6.29 6.2324 6.4651 5.9548 7.6218 -2.848 -1.901 7.237 5.6069 -1.1195
426 1989-06-01 8 6.2317 8.1751 5.95 9.3318 -0.7872 -1.9058 6.8814 7.3169 -1.1173
427 1989-07-01 7.01 6.231 7.1851 5.9452 8.3418 -1.6479 -1.9107 6.7473 6.3269 -1.1151
428 1989-08-01 4.76 6.2304 4.9351 5.9404 6.0918 -3.4377 -1.9155 6.2822 4.0769 -1.1128
429 1989-09-01 4.56 6.2297 4.7351 5.9356 5.8918 -2.7514 -1.9203 5.3912 3.8769 -1.1106
430 1989-10-01 4.28 6.229 4.4551 5.9308 5.6118 -2.8124 -1.9251 5.1674 3.5969 -1.1084
431 1989-11-01 3.69 6.2283 3.8651 5.926 5.0218 -3.0798 -1.9299 4.8399 3.0069 -1.1061
432 1989-12-01 2.42 6.2276 2.5951 5.9212 3.7518 -4.2808 -1.9347 4.7661 1.7369 -1.1039
433 1990-01-01 4.95 6.2269 5.1251 5.9164 6.2818 -1.3789 -1.9395 4.3894 4.2669 -1.1017
434 1990-02-01 5.41 6.2263 5.5851 5.9116 6.7418 -1.7675 -1.9443 5.2332 4.7269 -1.0995
435 1990-03-01 4.81 6.2256 4.9851 5.9068 6.1418 -3.9338 -1.9491 6.7947 4.1269 -1.0972
436 1990-04-01 5.93 6.2249 6.1051 5.902 7.2618 -3.4352 -1.9539 7.4113 5.2469 -1.095
437 1990-05-01 6.37 6.2242 6.5451 5.8972 7.7018 -2.768 -1.9587 7.1793 5.6869 -1.0928
438 1990-06-01 6.73 6.2235 6.9051 5.8924 8.0618 -2.0572 -1.9635 6.8237 6.0469 -1.0905
439 1990-07-01 7.02 6.2228 7.1951 5.8876 8.3518 -1.6379 -1.9683 6.6896 6.3369 -1.0883
440 1990-08-01 6.17 6.2221 6.3451 5.8828 7.5018 -2.0277 -1.9731 6.2245 5.4869 -1.0861
441 1990-09-01 5.31 6.2215 5.4851 5.878 6.6418 -2.0014 -1.9779 5.3335 4.6269 -1.0838
442 1990-10-01 6.06 6.2208 6.2351 5.8732 7.3918 -1.0324 -1.9827 5.1097 5.3769 -1.0816
443 1990-11-01 6.36 6.2201 6.5351 5.8684 7.6918 -0.4098 -1.9875 4.7822 5.6769 -1.0794
444 1990-12-01 4.5 6.2194 4.6751 5.8636 5.8318 -2.2008 -1.9923 4.7085 3.8169 -1.0771
445 1991-01-01 2.74 6.2187 2.9151 5.8588 4.0718 -3.5889 -1.9971 4.3318 2.0569 -1.0749
446 1991-02-01 5.19 6.218 5.3651 5.8539 6.5218 -1.9875 -2.0019 5.1755 4.5069 -1.0727
447 1991-03-01 6.18 6.2174 6.3551 5.8491 7.5118 -2.5638 -2.0067 6.7371 5.4969 -1.0704
448 1991-04-01 7.34 6.2167 7.5151 5.8443 8.6718 -2.0252 -2.0115 7.3537 6.6569 -1.0682
449 1991-05-01 6.34 5.1177 7.6134 5.7539 7.7575 -2.798 -2.102 7.036 6.829 -1.066
450 1991-06-01 6.48 5.117 7.7534 5.7491 7.8975 -2.3072 -2.1068 6.6804 6.969 -1.0637
451 1991-07-01 6.53 5.1163 7.8034 5.7443 7.9475 -2.1279 -2.1116 6.5463 7.019 -1.0615
452 1991-08-01 5.7 5.1156 6.9734 5.7394 7.1175 -2.4977 -2.1164 6.0812 6.189 -1.0593
453 1991-09-01 5.35 5.1149 6.6234 5.7346 6.7675 -1.9614 -2.1212 5.1902 5.839 -1.057
454 1991-10-01 4.32 5.1142 5.5934 5.7298 5.7375 -2.7724 -2.126 4.9664 4.809 -1.0548
455 1991-11-01 5.31 5.1135 6.5834 5.725 6.7275 -1.4598 -2.1309 4.6389 5.799 -1.0526
456 1991-12-01 4.05 5.1129 5.3234 5.7202 5.4675 -2.6508 -2.1357 4.5651 4.539 -1.0503
457 1992-01-01 6.46 5.1122 7.7334 5.7154 7.8775 0.1311 -2.1405 4.1884 6.949 -1.0481
458 1992-02-01 4.38 5.1115 5.6534 5.7106 5.7975 -2.7975 -2.1453 5.0322 4.869 -1.0459
459 1992-03-01 4.68 6.1265 4.9377 5.7819 6.0214 -4.0638 -2.0739 6.6699 3.9568 -1.0436
460 1992-04-01 7.1 6.1259 7.3577 5.7771 8.4414 -2.2652 -2.0787 7.2865 6.3768 -1.0414
461 1992-05-01 6.35 6.1252 6.6077 5.7723 7.6914 -2.788 -2.0836 7.0544 5.6268 -1.0392
462 1992-06-01 6.63 6.1245 6.8877 5.7675 7.9714 -2.1572 -2.0884 6.6989 5.9068 -1.0369
463 1992-07-01 5.88 6.1238 6.1377 5.7627 7.2214 -2.7779 -2.0932 6.5648 5.1568 -1.0347
464 1992-08-01 6.59 6.1231 6.8477 5.7579 7.9314 -1.6077 -2.098 6.0997 5.8668 -1.0325
465 1992-09-01 6.15 6.1224 6.4077 5.7531 7.4914 -1.1614 -2.1028 5.2087 5.4268 -1.0302
466 1992-10-01 5.95 6.1217 6.2077 5.7483 7.2914 -1.1424 -2.1076 4.9849 5.2268 -1.028
467 1992-11-01 4.77 6.1211 5.0277 5.7435 6.1114 -1.9998 -2.1124 4.6574 4.0468 -1.0258
468 1992-12-01 4.7 6.1204 4.9577 5.7387 6.0414 -2.0008 -2.1172 4.5836 3.9768 -1.0236
469 1993-01-01 5.42 6.1197 5.6777 5.7339 6.7614 -0.9089 -2.122 4.2069 4.6968 -1.0213
470 1993-02-01 4.84 6.119 5.0977 5.7291 6.1814 -2.3375 -2.1268 5.0507 4.1168 -1.0191
471 1993-03-01 9.72 8.7505 7.3455 8.6434 8.1423 0.9762 0.7875 9.5313 5.7973 -1.0169
472 1993-04-01 10.2 8.7498 7.8255 8.6386 8.6223 0.8348 0.7827 10.1479 6.2773 -1.0146
473 1993-05-01 9.82 8.7491 7.4455 8.6338 8.2423 0.682 0.7779 9.9159 5.8973 -1.0124
474 1993-06-01 9.7 8.7485 7.3255 8.629 8.1223 0.9128 0.7731 9.5603 5.7773 -1.0102
475 1993-07-01 9.27 8.7478 6.8955 8.6242 7.6923 0.6121 0.7683 9.4262 5.3473 -1.0079
476 1993-08-01 10.15 8.7471 7.7755 8.6194 8.5723 1.9523 0.7635 8.9611 6.2273 -1.0057
477 1993-09-01 7.46 8.7464 5.0855 8.6145 5.8823 0.1486 0.7587 8.0701 3.5373 -1.0035
478 1993-10-01 5.6 8.7457 3.2255 8.6097 4.0223 -1.4924 0.7539 7.8463 1.6773 -1.0012
479 1993-11-01 6.2 8.745 3.8255 8.6049 4.6223 -0.5698 0.749 7.5188 2.2773 -0.999
480 1993-12-01 7.17 8.7444 4.7955 8.6001 5.5923 0.4692 0.7442 7.445 3.2473 -0.9968
481 1994-01-01 5.98 8.7437 3.6055 8.5953 4.4023 -0.3489 0.7394 7.0683 2.0573 -0.9945
482 1994-02-01 9.13 8.743 6.7555 8.5905 7.5523 1.9525 0.7346 7.9121 5.2073 -0.9923
483 1994-03-01 10.46 8.7423 8.0855 8.5857 8.8823 1.7162 0.7298 9.4737 6.5373 -0.9901
484 1994-04-01 9.96 8.7416 7.5855 8.5809 8.3823 0.5948 0.725 10.0903 6.0373 -0.9878
485 1994-05-01 11.13 8.7409 8.7555 8.5761 9.5523 1.992 0.7202 9.8582 7.2073 -0.9856
486 1994-06-01 10.37 8.7403 7.9955 8.5713 8.7923 1.5828 0.7154 9.5026 6.4473 -0.9834
487 1994-07-01 11.86 11.1539 7.0713 10.7862 8.0626 3.2021 2.9303 11.5882 5.5533 -0.9811
488 1994-08-01 11.83 11.1532 7.0413 10.7814 8.0326 3.6323 2.9255 11.1231 5.5233 -0.9789
489 1994-09-01 9.34 11.1525 4.5513 10.7766 5.5426 2.0286 2.9207 10.2321 3.0333 -0.9767
490 1994-10-01 10.3 11.1518 5.5113 10.7718 6.5026 3.2076 2.9159 10.0083 3.9933 -0.9744
491 1994-11-01 12.45 11.1511 7.6613 10.767 8.6526 5.6802 2.9111 9.6808 6.1433 -0.9722
492 1994-12-01 9.15 11.1504 4.3613 10.7622 5.3526 2.4492 2.9063 9.6071 2.8433 -0.97
493 1995-01-01 6.45 11.1498 1.6613 10.7574 2.6526 0.1211 2.9015 9.2304 0.1433 -0.9677
494 1995-02-01 8.27 11.1491 3.4813 10.7525 4.4726 1.0925 2.8967 10.0741 1.9633 -0.9655
495 1995-03-01 10.4 11.1484 5.6113 10.7477 6.6026 1.6562 2.8919 11.6357 4.0933 -0.9633
496 1995-04-01 11.74 11.1477 6.9513 10.7429 7.9426 2.3748 2.887 12.2523 5.4333 -0.961
497 1995-05-01 13.96 11.147 9.1713 10.7381 10.1626 4.822 2.8822 12.0202 7.6533 -0.9588
498 1995-06-01 12.71 11.1463 7.9213 10.7333 8.9126 3.9228 2.8774 11.6647 6.4033 -0.9566
499 1995-07-01 13.12 11.1457 8.3313 10.7285 9.3226 4.4621 2.8726 11.5306 6.8133 -0.9544
500 1995-08-01 10.61 11.145 5.8213 10.7237 6.8126 2.4123 2.8678 11.0655 4.3033 -0.9521
501 1995-09-01 9.69 11.1443 4.9013 10.7189 5.8926 2.3786 2.863 10.1745 3.3833 -0.9499
502 1995-10-01 9.71 9.3651 6.6998 10.004 6.6228 2.6176 2.1481 9.2405 7.886 -0.9477
503 1995-11-01 9.26 9.3644 6.2498 9.9992 6.1728 2.4902 2.1433 8.913 7.436 -0.9454
504 1995-12-01 8.07 9.3637 5.0598 9.9944 4.9828 1.3692 2.1385 8.8393 6.246 -0.9432
505 1996-01-01 8.25 9.363 5.2398 9.9896 5.1628 1.9211 2.1337 8.4626 6.426 -0.941
506 1996-02-01 9.58 9.3623 6.5698 9.9847 6.4928 2.4025 2.1289 9.3063 7.756 -0.9387
507 1996-03-01 10.06 9.3616 7.0498 9.9799 6.9728 1.3162 2.1241 10.8679 8.236 -0.9365
508 1996-04-01 12.18 9.361 9.1698 9.9751 9.0928 2.8148 2.1192 11.4845 10.356 -0.9343
509 1996-05-01 11.99 11.2394 7.1007 11.3909 7.4822 2.852 3.535 12.673 3.8627 -0.932
510 1996-06-01 11.7 11.2387 6.8107 11.3861 7.1922 2.9128 3.5302 12.3174 3.5727 -0.9298
511 1996-07-01 14.1 11.238 9.2107 11.3813 9.5922 5.4421 3.5254 12.1833 5.9727 -0.9276
512 1996-08-01 12.33 11.2373 7.4407 11.3765 7.8222 4.1323 3.5206 11.7183 4.2027 -0.9253
513 1996-09-01 9.94 11.2366 5.0507 11.3717 5.4322 2.6286 3.5158 10.8272 1.8127 -0.9231
514 1996-10-01 10.26 11.2359 5.3707 11.3669 5.7522 3.1676 3.511 10.6034 2.1327 -0.9209
515 1996-11-01 8.03 9.0713 5.3047 9.5808 5.3035 1.2602 1.7249 8.4947 6.581 -0.9186
516 1996-12-01 7.85 9.0706 5.1247 9.576 5.1235 1.1492 1.7201 8.4209 6.401 -0.9164
517 1997-01-01 6.73 9.0699 4.0047 9.5712 4.0035 0.4011 1.7153 8.0442 5.281 -0.9142
518 1997-02-01 8.29 9.0692 5.5647 9.5664 5.5635 1.1125 1.7105 8.888 6.841 -0.9119
519 1997-03-01 13.06 9.0685 10.3347 9.5616 10.3335 4.3162 1.7057 10.4495 11.611 -0.9097
520 1997-04-01 11.4 9.0678 8.6747 9.5568 8.6735 2.0348 1.7009 11.0661 9.951 -0.9075
521 1997-05-01 8.59 7.4014 7.5305 7.7223 7.6932 -0.548 -0.1335 9.0045 6.4651 -0.9052
522 1997-06-01 9.17 7.4007 8.1105 7.7175 8.2732 0.3828 -0.1384 8.6489 7.0451 -0.903
523 1997-07-01 8.43 7.4 7.3705 7.7127 7.5332 -0.2279 -0.1432 8.5148 6.3051 -0.9008
524 1997-08-01 7.84 7.3993 6.7805 7.7079 6.9432 -0.3577 -0.148 8.0497 5.7151 -0.8985
525 1997-09-01 7 7.3986 5.9405 7.7031 6.1032 -0.3114 -0.1528 7.1587 4.8751 -0.8963
526 1997-10-01 8.21 7.3979 7.1505 7.6983 7.3132 1.1176 -0.1576 6.9349 6.0851 -0.8941
527 1997-11-01 4.67 7.3973 3.6105 7.6935 3.7732 -2.0998 -0.1624 6.6074 2.5451 -0.8918
528 1997-12-01 6.02 7.3966 4.9605 7.6887 5.1232 -0.6808 -0.1672 6.5336 3.8951 -0.8896
529 1998-01-01 6.52 7.3959 5.4605 7.6839 5.6232 0.1911 -0.172 6.1569 4.3951 -0.8874
530 1998-02-01 7.22 7.3952 6.1605 7.6791 6.3232 0.0425 -0.1768 7.0007 5.0951 -0.8852
531 1998-03-01 6.62 7.3945 5.5605 7.6743 5.7232 -2.1238 -0.1816 8.5622 4.4951 -0.8829
532 1998-04-01 8.06 7.3938 7.0005 7.6695 7.1632 -1.3052 -0.1864 9.1788 5.9351 -0.8807
533 1998-05-01 8.61 7.3932 7.5505 7.6647 7.7132 -0.528 -0.1912 8.9468 6.4851 -0.8785
534 1998-06-01 8.49 7.3925 7.4305 7.6599 7.5932 -0.2972 -0.196 8.5912 6.3651 -0.8762
535 1998-07-01 8.19 7.3918 7.1305 7.6551 7.2932 -0.4679 -0.2008 8.4571 6.0651 -0.874
536 1998-08-01 8.54 7.3911 7.4805 7.6503 7.6432 0.3423 -0.2056 7.992 6.4151 -0.8718
537 1998-09-01 7.01 7.3904 5.9505 7.6455 6.1132 -0.3014 -0.2104 7.101 4.8851 -0.8695
538 1998-10-01 5.75 7.3897 4.6905 7.6407 4.8532 -1.3424 -0.2152 6.8772 3.6251 -0.8673
539 1998-11-01 5.88 7.3891 4.8205 7.6359 4.9832 -0.8898 -0.22 6.5497 3.7551 -0.8651
540 1998-12-01 8 7.3884 6.9405 7.6311 7.1032 1.2992 -0.2248 6.476 5.8751 -0.8628
541 1999-01-01 5.83 7.3877 4.7705 7.6262 4.9332 -0.4989 -0.2296 6.0993 3.7051 -0.8606
542 1999-02-01 11.09 7.387 10.0305 7.6214 10.1932 3.9125 -0.2344 6.943 8.9651 -0.8584
543 1999-03-01 10.21 7.3863 9.1505 7.6166 9.3132 1.4662 -0.2393 8.5046 8.0851 -0.8561
544 1999-04-01 8.99 7.3856 7.9305 7.6118 8.0932 -0.3752 -0.2441 9.1212 6.8651 -0.8539
545 1999-05-01 8.69 7.385 7.6305 7.607 7.7932 -0.448 -0.2489 8.8891 6.5651 -0.8517
546 1999-06-01 7.7 7.3843 6.6405 7.6022 6.8032 -1.0872 -0.2537 8.5336 5.5751 -0.8494
547 1999-07-01 7.99 7.3836 6.9305 7.5974 7.0932 -0.6679 -0.2585 8.3995 5.8651 -0.8472
548 1999-08-01 7.35 7.3829 6.2905 7.5926 6.4532 -0.8477 -0.2633 7.9344 5.2251 -0.845
549 1999-09-01 8.2 7.3822 7.1405 7.5878 7.3032 0.8886 -0.2681 7.0434 6.0751 -0.8427
550 1999-10-01 7.23 7.3815 6.1705 7.583 6.3332 0.1376 -0.2729 6.8195 5.1051 -0.8405
551 1999-11-01 4.52 7.3809 3.4605 7.5782 3.6232 -2.2498 -0.2777 6.4921 2.3951 -0.8383
552 1999-12-01 6 7.3802 4.9405 7.5734 5.1032 -0.7008 -0.2825 6.4183 3.8751 -0.836
553 2000-01-01 6.3 7.3795 5.2405 7.5686 5.4032 -0.0289 -0.2873 6.0416 4.1751 -0.8338
554 2000-02-01 6.13 7.3788 5.0705 7.5638 5.2332 -1.0475 -0.2921 6.8854 4.0051 -0.8316
555 2000-03-01 8.37 7.3781 7.3105 7.559 7.4732 -0.3738 -0.2969 8.4469 6.2451 -0.8293
556 2000-04-01 9.09 7.3774 8.0305 7.5542 8.1932 -0.2752 -0.3017 9.0635 6.9651 -0.8271
557 2000-05-01 9.54 7.3768 8.4805 7.5494 8.6432 0.402 -0.3065 8.8315 7.4151 -0.8249
558 2000-06-01 10.16 7.3761 9.1005 7.5446 9.2632 1.3728 -0.3113 8.4759 8.0351 -0.8226
559 2000-07-01 8.53 7.3754 7.4705 7.5398 7.6332 -0.1279 -0.3161 8.3418 6.4051 -0.8204
560 2000-08-01 8.3 7.3747 7.2405 7.535 7.4032 0.1023 -0.3209 7.8767 6.1751 -0.8182
561 2000-09-01 6.51 7.374 5.4505 7.5302 5.6132 -0.8014 -0.3257 6.9857 4.3851 -0.8159
562 2000-10-01 7.06 7.3733 6.0005 7.5254 6.1632 -0.0324 -0.3305 6.7619 4.9351 -0.8137
563 2000-11-01 4.08 7.3727 3.0205 7.5205 3.1832 -2.6898 -0.3353 6.4344 1.9551 -0.8115
564 2000-12-01 3.54 7.372 2.4805 7.5157 2.6432 -3.1608 -0.3401 6.3607 1.4151 -0.8093
565 2001-01-01 4.48 7.3713 3.4205 7.5109 3.5832 -1.8489 -0.345 5.9839 2.3551 -0.807
566 2001-02-01 6.41 7.3706 5.3505 7.5061 5.5132 -0.7675 -0.3498 6.8277 4.2851 -0.8048
567 2001-03-01 8.14 7.3699 7.0805 7.5013 7.2432 -0.6038 -0.3546 8.3893 6.0151 -0.8026
568 2001-04-01 9.67 7.3692 8.6105 7.4965 8.7732 0.3048 -0.3594 9.0059 7.5451 -0.8003
569 2001-05-01 8.93 7.3686 7.8705 7.4917 8.0332 -0.208 -0.3642 8.7738 6.8051 -0.7981
570 2001-06-01 8.86 7.3679 7.8005 7.4869 7.9632 0.0728 -0.369 8.4182 6.7351 -0.7959
571 2001-07-01 8.17 7.3672 7.1105 7.4821 7.2732 -0.4879 -0.3738 8.2841 6.0451 -0.7936
572 2001-08-01 9.44 7.3665 8.3805 7.4773 8.5432 1.2423 -0.3786 7.8191 7.3151 -0.7914
573 2001-09-01 7.85 7.3658 6.7905 7.4725 6.9532 0.5386 -0.3834 6.928 5.7251 -0.7892
574 2001-10-01 7.48 7.3651 6.4205 7.4677 6.5832 0.3876 -0.3882 6.7042 5.3551 -0.7869
575 2001-11-01 6.9 7.3644 5.8405 7.4629 6.0032 0.1302 -0.393 6.3768 4.7751 -0.7847
576 2001-12-01 6.14 7.3638 5.0805 7.4581 5.2432 -0.5608 -0.3978 6.303 4.0151 -0.7825
577 2002-01-01 5.45 7.3631 4.3905 7.4533 4.5532 -0.8789 -0.4026 5.9263 3.3251 -0.7802
578 2002-02-01 6.74 7.3624 5.6805 7.4485 5.8432 -0.4375 -0.4074 6.7701 4.6151 -0.778
579 2002-03-01 7.14 7.3617 6.0805 7.4437 6.2432 -1.6038 -0.4122 8.3316 5.0151 -0.7758
580 2002-04-01 8.89 7.361 7.8305 7.4389 7.9932 -0.4752 -0.417 8.9482 6.7651 -0.7735
581 2002-05-01 8.81 7.3603 7.7505 7.4341 7.9132 -0.328 -0.4218 8.7162 6.6851 -0.7713
582 2002-06-01 9.92 7.3597 8.8605 7.4293 9.0232 1.1328 -0.4266 8.3606 7.7951 -0.7691
583 2002-07-01 8.81 7.359 7.7505 7.4245 7.9132 0.1521 -0.4314 8.2265 6.6851 -0.7668
584 2002-08-01 8.62 7.3583 7.5605 7.4196 7.7232 0.4223 -0.4362 7.7614 6.4951 -0.7646
585 2002-09-01 8.34 7.3576 7.2805 7.4148 7.4432 1.0286 -0.441 6.8704 6.2151 -0.7624
586 2002-10-01 4.84 7.3569 3.7805 7.41 3.9432 -2.2524 -0.4459 6.6466 2.7151 -0.7601
587 2002-11-01 5.18 7.3562 4.1205 7.4052 4.2832 -1.5898 -0.4507 6.3191 3.0551 -0.7579
588 2002-12-01 5.64 7.3556 4.5805 7.4004 4.7432 -1.0608 -0.4555 6.2453 3.5151 -0.7557
589 2003-01-01 4.99 7.3549 3.9305 7.3956 4.0932 -1.3389 -0.4603 5.8686 2.8651 -0.7534
590 2003-02-01 4.96 7.3542 3.9005 7.3908 4.0632 -2.2175 -0.4651 6.7124 2.8351 -0.7512
591 2003-03-01 10.06 7.3535 9.0005 7.386 9.1632 1.3162 -0.4699 8.2739 7.9351 -0.749
592 2003-04-01 9.91 7.3528 8.8505 7.3812 9.0132 0.5448 -0.4747 8.8906 7.7851 -0.7467
593 2003-05-01 8.89 7.3521 7.8305 7.3764 7.9932 -0.248 -0.4795 8.6585 6.7651 -0.7445
594 2003-06-01 10.23 7.3515 9.1705 7.3716 9.3332 1.4428 -0.4843 8.3029 8.1051 -0.7423
595 2003-07-01 8.45 7.3508 7.3905 7.3668 7.5532 -0.2079 -0.4891 8.1688 6.3251 -0.7401
596 2003-08-01 8.75 7.3501 7.6905 7.362 7.8532 0.5523 -0.4939 7.7038 6.6251 -0.7378
597 2003-09-01 7.55 7.3494 6.4905 7.3572 6.6532 0.2386 -0.4987 6.8127 5.4251 -0.7356
598 2003-10-01 7.87 7.3487 6.8105 7.3524 6.9732 0.7776 -0.5035 6.5889 5.7451 -0.7334
599 2003-11-01 5.37 7.348 4.3105 7.3476 4.4732 -1.3998 -0.5083 6.2614 3.2451 -0.7311
600 2003-12-01 6.91 7.3474 5.8505 7.3428 6.0132 0.2092 -0.5131 6.1877 4.7851 -0.7289
601 2004-01-01 4.23 7.3467 3.1705 7.338 3.3332 -2.0989 -0.5179 5.811 2.1051 -0.7267
602 2004-02-01 4.78 7.346 3.7205 7.3332 3.8832 -2.3975 -0.5227 6.6548 2.6551 -0.7244
603 2004-03-01 8.46 7.3453 7.4005 7.3284 7.5632 -0.2838 -0.5275 8.2163 6.3351 -0.7222
604 2004-04-01 8.13 7.3446 7.0705 7.3236 7.2332 -1.2352 -0.5323 8.8329 6.0051 -0.72
605 2004-05-01 8.19 7.3439 7.1305 7.3188 7.2932 -0.948 -0.5371 8.6009 6.0651 -0.7177
606 2004-06-01 8.84 7.3433 7.7805 7.3139 7.9432 0.0528 -0.5419 8.2453 6.7151 -0.7155
607 2004-07-01 9.19 7.3426 8.1305 7.3091 8.2932 0.5321 -0.5467 8.1112 7.0651 -0.7133
608 2004-08-01 6.65 6.2824 6.65 6.4076 6.65 -1.5477 -1.4483 6.7494 6.65 -0.711
609 2004-09-01 6.41 6.2817 6.41 6.4028 6.41 -0.9014 -1.4531 5.8584 6.41 -0.7088
610 2004-10-01 5.91 6.281 5.91 6.398 5.91 -1.1824 -1.4579 5.6345 5.91 -0.7066
611 2004-11-01 5.24 6.2804 5.24 6.3932 5.24 -1.5298 -1.4627 5.3071 5.24 -0.7043
612 2004-12-01 4.57 6.2797 4.57 6.3884 4.57 -2.1308 -1.4675 5.2333 4.57 -0.7021
