"id" "date" "base" "base_trend+meanShift" "base_mean_adj" "base_anomaly" "fit_of_base_anomaly" "annualC+meanShifts" "QM_adjusted" "fit_of_deseason_base"
1 1953-01-01 13.98 11.9618 9.4733 4.86 3.6684 12.7884 8.8041 4.019
2 1953-02-01 11.99 11.9645 7.4833 3.0233 3.671 12.6377 7.5389 4.0117
3 1953-03-01 13.02 11.9671 8.5133 3.7024 3.6737 12.9912 8.1532 4.0044
4 1953-04-01 11.26 11.9698 6.7533 1.989 3.6763 12.9473 6.9879 3.9971
5 1953-05-01 12.21 11.9725 7.7033 3.7226 3.679 12.1664 7.6393 3.9898
6 1953-06-01 10.96 11.9751 6.4533 2.8754 3.6816 11.7662 6.7371 3.9826
7 1953-07-01 11.48 11.9778 6.9733 4.2023 3.6843 10.962 7.1608 3.9753
8 1953-08-01 9.54 11.9804 5.0333 2.8391 3.6869 10.3878 5.5032 3.968
9 1953-09-01 10.55 11.9831 6.0433 4.0827 3.6896 10.1569 6.3978 3.9607
10 1953-10-01 9.89 11.9857 5.3833 2.5966 3.6922 10.9856 5.8384 3.9534
11 1953-11-01 15.23 11.9884 10.7233 6.3689 3.6949 12.556 9.931 3.9461
12 1953-12-01 13.74 11.991 9.2333 4.0658 3.6975 13.3717 8.6529 3.9388
13 1954-01-01 14.97 11.9937 10.4633 5.85 3.7002 12.8202 9.6808 3.9315
14 1954-02-01 15.04 11.9963 10.5333 6.0733 3.7028 12.6695 9.7472 3.9242
15 1954-03-01 14.04 11.999 9.5333 4.7224 3.7055 13.023 8.8446 3.917
16 1954-04-01 14.53 12.0016 10.0233 5.259 3.7081 12.9791 9.292 3.9097
17 1954-05-01 12.93 12.0043 8.4233 4.4426 3.7108 12.1982 8.1413 3.9024
18 1954-06-01 13.39 12.0069 8.8833 5.3054 3.7134 11.798 8.4701 3.8951
19 1954-07-01 11.46 12.0096 6.9533 4.1823 3.7161 10.9938 7.1607 3.8878
20 1954-08-01 9.59 12.0122 5.0833 2.8891 3.7187 10.4196 5.5515 3.8805
21 1954-09-01 9.17 12.0149 4.6633 2.7027 3.7214 10.1887 5.1407 3.8732
22 1954-10-01 10.86 12.0175 6.3533 3.5666 3.724 11.0174 6.6612 3.8659
23 1954-11-01 11.82 12.0202 7.3133 2.9589 3.7267 12.5878 7.4292 3.8587
24 1954-12-01 14.29 12.0228 9.7833 4.6158 3.7293 13.4035 9.0765 3.8514
25 1955-01-01 10.99 12.0255 6.4833 1.87 3.732 12.852 6.7711 3.8441
26 1955-02-01 13 12.0281 8.4933 4.0333 3.7346 12.7013 8.1727 3.8368
27 1955-03-01 15.78 12.0308 11.2733 6.4624 3.7373 13.0548 10.4729 3.8295
28 1955-04-01 15.89 12.0334 11.3833 6.619 3.7399 13.0109 10.5817 3.8222
29 1955-05-01 13.63 12.0361 9.1233 5.1426 3.7426 12.23 8.657 3.8149
30 1955-06-01 11.43 12.0387 6.9233 3.3454 3.7452 11.8298 7.1354 3.8076
31 1955-07-01 10.53 12.0414 6.0233 3.2523 3.7479 11.0256 6.3907 3.8003
32 1955-08-01 10.84 12.044 6.3333 4.1391 3.7505 10.4514 6.6494 3.7931
33 1955-09-01 10.17 12.0467 5.6633 3.7027 3.7532 10.2205 6.0906 3.7858
34 1955-10-01 12.41 12.0493 7.9033 5.1166 3.7558 11.0492 7.8082 3.7785
35 1955-11-01 15.92 12.052 11.4133 7.0589 3.7585 12.6196 10.6108 3.7712
36 1955-12-01 15.69 12.0546 11.1833 6.0158 3.7611 13.4353 10.3844 3.7639
37 1956-01-01 14.09 12.0573 9.5833 4.97 3.7638 12.8838 8.9042 3.7566
38 1956-02-01 14.62 12.0599 10.1133 5.6533 3.7664 12.7331 9.3676 3.7493
39 1956-03-01 15.15 12.0626 10.6433 5.8324 3.7691 13.0866 9.8539 3.742
40 1956-04-01 13.65 12.0652 9.1433 4.379 3.7717 13.0427 8.6902 3.7347
41 1956-05-01 12.38 12.0679 7.8733 3.8926 3.7744 12.2618 7.7887 3.7275
42 1956-06-01 12.58 12.0705 8.0733 4.4954 3.777 11.8616 7.9457 3.7202
43 1956-07-01 10.65 12.0732 6.1433 3.3723 3.7797 11.0574 6.4935 3.7129
44 1956-08-01 9.2 12.0758 4.6933 2.4991 3.7823 10.4832 5.1715 3.7056
45 1956-09-01 10.5 12.0785 5.9933 4.0327 3.785 10.2523 6.3735 3.6983
46 1956-10-01 12.73 12.0811 8.2233 5.4366 3.7876 11.081 8.0153 3.691
47 1956-11-01 10.21 12.0838 5.7033 1.3489 3.7903 12.6514 6.127 3.6837
48 1956-12-01 15.03 12.0864 10.5233 5.3558 3.7929 13.4671 9.7492 3.6764
49 1957-01-01 12.95 12.0891 8.4433 3.83 3.7956 12.9156 8.2112 3.6692
50 1957-02-01 14.03 12.0917 9.5233 5.0633 3.7982 12.7649 8.8966 3.6619
51 1957-03-01 13.84 12.0944 9.3333 4.5224 3.8009 13.1185 8.765 3.6546
52 1957-04-01 13.01 12.097 8.5033 3.739 3.8035 13.0745 8.234 3.6473
53 1957-05-01 10.44 12.0997 5.9333 1.9526 3.8062 12.2936 6.326 3.64
54 1957-06-01 13 12.1023 8.4933 4.9154 3.8088 11.8934 8.2489 3.6327
55 1957-07-01 12.16 12.105 7.6533 4.8823 3.8115 11.0892 7.6922 3.6254
56 1957-08-01 9.83 12.1076 5.3233 3.1291 3.8141 10.515 5.7833 3.6181
57 1957-09-01 8.83 12.1103 4.3233 2.3627 3.8168 10.2841 4.8042 3.6108
58 1957-10-01 11.72 12.1129 7.2133 4.4266 3.8195 11.1128 7.3847 3.6036
59 1957-11-01 10.53 12.1156 6.0233 1.6689 3.8221 12.6832 6.4077 3.5963
60 1957-12-01 17.26 12.1182 12.7533 7.5858 3.8248 13.4989 11.9509 3.589
61 1958-01-01 13.28 12.1209 8.7733 4.16 3.8274 12.9474 8.3734 3.5817
62 1958-02-01 11.15 12.1235 6.6433 2.1833 3.8301 12.7967 6.9111 3.5744
63 1958-03-01 12.26 12.1262 7.7533 2.9424 3.8327 13.1503 7.7288 3.5671
64 1958-04-01 15.1 12.1288 10.5933 5.829 3.8354 13.1064 9.8148 3.5598
65 1958-05-01 10.98 12.1315 6.4733 2.4926 3.838 12.3254 6.7771 3.5525
66 1958-06-01 10.45 12.1341 5.9433 2.3654 3.8407 11.9252 6.3401 3.5453
67 1958-07-01 9.76 12.1368 5.2533 2.4823 3.8433 11.121 5.7197 3.538
68 1958-08-01 11.13 12.1394 6.6233 4.4291 3.846 10.5469 6.9031 3.5307
69 1958-09-01 11.52 12.1421 7.0133 5.0527 3.8486 10.3159 7.2347 3.5234
70 1958-10-01 10.22 12.1447 5.7133 2.9266 3.8513 11.1446 6.1475 3.5161
71 1958-11-01 13.68 12.1474 9.1733 4.8189 3.8539 12.715 8.7335 3.5088
72 1958-12-01 13.8 12.15 9.2933 4.1258 3.8566 13.5307 8.7751 3.5015
73 1959-01-01 15.58 12.1527 11.0733 6.46 3.8592 12.9792 10.2763 3.4942
74 1959-02-01 14.7 12.1553 10.1933 5.7333 3.8619 12.8286 9.4546 3.4869
75 1959-03-01 14.89 12.158 10.3833 5.5724 3.8645 13.1821 9.6311 3.4797
76 1959-04-01 14.09 12.1606 9.5833 4.819 3.8672 13.1382 8.9678 3.4724
77 1959-05-01 12.71 12.1633 8.2033 4.2226 3.8698 12.3572 8.0421 3.4651
78 1959-06-01 11.69 12.1659 7.1833 3.6054 3.8725 11.957 7.3602 3.4578
79 1959-07-01 10.26 12.1686 5.7533 2.9823 3.8751 11.1528 6.1841 3.4505
80 1959-08-01 12.12 12.1712 7.6133 5.4191 3.8778 10.5787 7.6849 3.4432
81 1959-09-01 11.64 12.1739 7.1333 5.1727 3.8804 10.3477 7.3359 3.4359
82 1959-10-01 10.46 12.1766 5.9533 3.1666 3.8831 11.1764 6.3581 3.4286
83 1959-11-01 13.85 12.1792 9.3433 4.9889 3.8857 12.7468 8.7998 3.4214
84 1959-12-01 11.92 12.1819 7.4133 2.2458 3.8884 13.5626 7.549 3.4141
85 1960-01-01 13.87 12.1845 9.3633 4.75 3.891 13.011 8.8073 3.4068
86 1960-02-01 15 12.1872 10.4933 6.0333 3.8937 12.8604 9.7349 3.3995
87 1960-03-01 15.08 12.1898 10.5733 5.7624 3.8963 13.2139 9.8093 3.3922
88 1960-04-01 14.16 12.1925 9.6533 4.889 3.899 13.17 9.0155 3.3849
89 1960-05-01 13.18 12.1951 8.6733 4.6926 3.9016 12.389 8.3396 3.3776
90 1960-06-01 11.84 12.1978 7.3333 3.7554 3.9043 11.9889 7.4991 3.3703
91 1960-07-01 9.83 12.2004 5.3233 2.5523 3.9069 11.1846 5.7877 3.363
92 1960-08-01 11.67 12.2031 7.1633 4.9691 3.9096 10.6105 7.3609 3.3558
93 1960-09-01 10.38 12.2057 5.8733 3.9127 3.9122 10.3795 6.2859 3.3485
94 1960-10-01 10.63 12.2084 6.1233 3.3366 3.9149 11.2082 6.4993 3.3412
95 1960-11-01 12.04 12.211 7.5333 3.1789 3.9175 12.7786 7.6351 3.3339
96 1960-12-01 10.44 12.2137 5.9333 0.7658 3.9202 13.5944 6.342 3.3266
97 1961-01-01 12.07 12.2163 7.5633 2.95 3.9228 13.0428 7.6578 3.3193
98 1961-02-01 16.2 12.219 11.6933 7.2333 3.9255 12.8922 10.8901 3.312
99 1961-03-01 13.83 12.2216 9.3233 4.5124 3.9281 13.2457 8.8439 3.3047
100 1961-04-01 13.28 12.2243 8.7733 4.009 3.9308 13.2018 8.4 3.2975
101 1961-05-01 10.94 12.2269 6.4333 2.4526 3.9334 12.4208 6.7621 3.2902
102 1961-06-01 12.04 12.2296 7.5333 3.9554 3.9361 12.0207 7.6422 3.2829
103 1961-07-01 10.6 12.2322 6.0933 3.3223 3.9387 11.2164 6.4819 3.2756
104 1961-08-01 10.26 12.2349 5.7533 3.5591 3.9414 10.6423 6.2001 3.2683
105 1961-09-01 11.34 12.2375 6.8333 4.8727 3.944 10.4113 7.093 3.261
106 1961-10-01 12.98 12.2402 8.4733 5.6866 3.9467 11.24 8.2533 3.2537
107 1961-11-01 12.24 12.2428 7.7333 3.3789 3.9493 12.8104 7.797 3.2464
108 1961-12-01 14.63 12.2455 10.1233 4.9558 3.952 13.6262 9.4079 3.2391
109 1962-01-01 12.44 12.2481 7.9333 3.32 3.9546 13.0747 7.8794 3.2319
110 1962-02-01 11.4 12.2508 6.8933 2.4333 3.9573 12.924 7.1448 3.2246
111 1962-03-01 11.42 12.2534 6.9133 2.1024 3.9599 13.2775 7.1607 3.2173
112 1962-04-01 12.79 12.2561 8.2833 3.519 3.9626 13.2336 8.1334 3.21
113 1962-05-01 12.38 12.2587 7.8733 3.8926 3.9652 12.4527 7.8677 3.2027
114 1962-06-01 11.39 12.2614 6.8833 3.3054 3.9679 12.0525 7.139 3.1954
115 1962-07-01 9.75 12.264 5.2433 2.4723 3.9705 11.2482 5.7162 3.1881
116 1962-08-01 9.14 12.2667 4.6333 2.4391 3.9732 10.6741 5.1133 3.1808
117 1962-09-01 9.81 12.2693 5.3033 3.3427 3.9758 10.4432 5.7748 3.1735
118 1962-10-01 11.55 12.272 7.0433 4.2566 3.9785 11.2718 7.2822 3.1663
119 1962-11-01 13.71 12.2746 9.2033 4.8489 3.9811 12.8422 8.7767 3.159
120 1962-12-01 11.95 12.2773 7.4433 2.2758 3.9838 13.658 7.5915 3.1517
121 1963-01-01 12.41 12.2799 7.9033 3.29 3.9864 13.1065 7.8883 3.1444
122 1963-02-01 10.89 12.2826 6.3833 1.9233 3.9891 12.9558 6.7206 3.1371
123 1963-03-01 12.89 12.2852 8.3833 3.5724 3.9917 13.3093 8.2106 3.1298
124 1963-04-01 12.03 12.2879 7.5233 2.759 3.9944 13.2654 7.6526 3.1225
125 1963-05-01 12.66 12.2905 8.1533 4.1726 3.997 12.4845 8.0475 3.1152
126 1963-06-01 12.37 12.2932 7.8633 4.2854 3.9997 12.0843 7.8848 3.108
127 1963-07-01 11.03 12.2958 6.5233 3.7523 4.0023 11.28 6.8478 3.1007
128 1963-08-01 8.86 12.2985 4.3533 2.1591 4.005 10.7059 4.8343 3.0934
129 1963-09-01 9.13 12.3011 4.6233 2.6627 4.0076 10.475 5.1037 3.0861
130 1963-10-01 10.81 12.3038 6.3033 3.5166 4.0103 11.3037 6.6621 3.0788
131 1963-11-01 14.17 12.3064 9.6633 5.3089 4.0129 12.874 9.071 3.0715
132 1963-12-01 10.35 12.3091 5.8433 0.6758 4.0156 13.6898 6.2871 3.0642
133 1964-01-01 15.56 12.3117 11.0533 6.44 4.0182 13.1383 10.2585 3.0569
134 1964-02-01 12.83 12.3144 8.3233 3.8633 4.0209 12.9876 8.1847 3.0496
135 1964-03-01 13.38 12.317 8.8733 4.0624 4.0236 13.3411 8.4867 3.0424
136 1964-04-01 14.23 12.3197 9.7233 4.959 4.0262 13.2972 9.1193 3.0351
137 1964-05-01 11.98 12.3223 7.4733 3.4926 4.0289 12.5163 7.6334 3.0278
138 1964-06-01 11.23 12.325 6.7233 3.1454 4.0315 12.1161 7.0191 3.0205
139 1964-07-01 9.24 12.3276 4.7333 1.9623 4.0342 11.3118 5.2128 3.0132
140 1964-08-01 10.49 12.3303 5.9833 3.7891 4.0368 10.7377 6.3997 3.0059
141 1964-09-01 9.11 12.3329 4.6033 2.6427 4.0395 10.5068 5.084 2.9986
142 1964-10-01 8.15 12.3356 3.6433 0.8566 4.0421 11.3355 4.1242 2.9913
143 1964-11-01 8.89 12.3382 4.3833 0.0289 4.0448 12.9058 4.8644 2.9841
144 1964-12-01 12.8 12.3409 8.2933 3.1258 4.0474 13.7216 8.1767 2.9768
145 1965-01-01 10.64 12.3435 6.1333 1.52 4.0501 13.1701 6.5341 2.9695
146 1965-02-01 11.65 12.3462 7.1433 2.6833 4.0527 13.0194 7.3736 2.9622
147 1965-03-01 10.35 12.3488 5.8433 1.0324 4.0554 13.3729 6.293 2.9549
148 1965-04-01 11.23 12.3515 6.7233 1.959 4.058 13.329 7.0231 2.9476
149 1965-05-01 11.55 12.3541 7.0433 3.0626 4.0607 12.5481 7.2865 2.9403
150 1965-06-01 11.38 12.3568 6.8733 3.2954 4.0633 12.1479 7.1451 2.933
151 1965-07-01 9.79 12.3594 5.2833 2.5123 4.066 11.3437 5.7575 2.9257
152 1965-08-01 9.56 12.3621 5.0533 2.8591 4.0686 10.7695 5.5298 2.9185
153 1965-09-01 9.45 12.3647 4.9433 2.9827 4.0713 10.5386 5.4222 2.9112
154 1965-10-01 11.13 12.3674 6.6233 3.8366 4.0739 11.3673 6.9436 2.9039
155 1965-11-01 11.19 12.37 6.6833 2.3289 4.0766 12.9377 6.9953 2.8966
156 1965-12-01 14 12.3727 9.4933 4.3258 4.0792 13.7534 8.9879 2.8893
157 1966-01-01 13.28 12.3753 8.7733 4.16 4.0819 13.2019 8.5165 2.882
158 1966-02-01 11.46 12.378 6.9533 2.4933 4.0845 13.0512 7.2171 2.8747
159 1966-03-01 14 12.3806 9.4933 4.6824 4.0872 13.4047 9.0009 2.8674
160 1966-04-01 12.48 12.3833 7.9733 3.209 4.0898 13.3608 7.9769 2.8602
161 1966-05-01 12.54 12.386 8.0333 4.0526 4.0925 12.5799 7.9992 2.8529
162 1966-06-01 11.4 12.3886 6.8933 3.3154 4.0951 12.1797 7.1691 2.8456
163 1966-07-01 9.73 12.3913 5.2233 2.4523 4.0978 11.3755 5.6987 2.8383
164 1966-08-01 10.33 12.3939 5.8233 3.6291 4.1004 10.8013 6.2758 2.831
165 1966-09-01 8.75 12.3966 4.2433 2.2827 4.1031 10.5704 4.7243 2.8237
166 1966-10-01 11.36 12.3992 6.8533 4.0666 4.1057 11.3991 7.1451 2.8164
167 1966-11-01 11.78 12.4019 7.2733 2.9189 4.1084 12.9695 7.4901 2.8091
168 1966-12-01 14.38 12.4045 9.8733 4.7058 4.111 13.7852 9.2248 2.8018
169 1967-01-01 14.52 12.4072 10.0133 5.4 4.1137 13.2337 9.3154 2.7946
170 1967-02-01 14.39 12.4098 9.8833 5.4233 4.1163 13.083 9.2243 2.7873
171 1967-03-01 16.8 12.4125 12.2933 7.4824 4.119 13.4365 11.4898 2.78
172 1967-04-01 13.05 12.4151 8.5433 3.779 4.1216 13.3926 8.359 2.7727
173 1967-05-01 12.49 12.4178 7.9833 4.0026 4.1243 12.6117 8.0136 2.7654
174 1967-06-01 10.26 12.4204 5.7533 2.1754 4.1269 12.2115 6.2109 2.7581
175 1967-07-01 12.3 12.4231 7.7933 5.0223 4.1296 11.4073 7.8803 2.7508
176 1967-08-01 10.12 12.4257 5.6133 3.4191 4.1322 10.8331 6.0756 2.7435
177 1967-09-01 11.02 12.4284 6.5133 4.5527 4.1349 10.6022 6.8549 2.7363
178 1967-10-01 14.1 12.431 9.5933 6.8066 4.1375 11.4309 9.0623 2.729
179 1967-11-01 12.23 12.4337 7.7233 3.3689 4.1402 13.0013 7.846 2.7217
180 1967-12-01 17.14 12.4363 12.6333 7.4658 4.1428 13.817 11.8297 2.7144
181 1968-01-01 17.44 12.439 12.9333 8.32 4.1455 13.2655 12.1303 2.7071
182 1968-02-01 13.43 12.4416 8.9233 4.4633 4.1481 13.1148 8.5764 2.6998
183 1968-03-01 12.73 12.4443 8.2233 3.4124 4.1508 13.4683 8.1491 2.6925
184 1968-04-01 15.35 12.4469 10.8433 6.079 4.1534 13.4244 10.074 2.6852
185 1968-05-01 12.54 12.4496 8.0333 4.0526 4.1561 12.6435 8.0459 2.6779
186 1968-06-01 12.63 12.4522 8.1233 4.5454 4.1587 12.2433 8.0794 2.6707
187 1968-07-01 10.88 12.4549 6.3733 3.6023 4.1614 11.4391 6.745 2.6634
188 1968-08-01 10.52 12.4575 6.0133 3.8191 4.164 10.8649 6.454 2.6561
189 1968-09-01 10.96 12.4602 6.4533 4.4927 4.1667 10.634 6.8164 2.6488
190 1968-10-01 11.95 12.4628 7.4433 4.6566 4.1693 11.4627 7.6359 2.6415
191 1968-11-01 12.13 12.4655 7.6233 3.2689 4.172 13.0331 7.7775 2.6342
192 1968-12-01 17.19 12.4681 12.6833 7.5158 4.1746 13.8488 11.8799 2.6269
193 1969-01-01 14.94 12.4708 10.4333 5.82 4.1773 13.2973 9.7098 2.6196
194 1969-02-01 13.4 12.4734 8.8933 4.4333 4.1799 13.1466 8.5985 2.6123
195 1969-03-01 12.16 12.4761 7.6533 2.8424 4.1826 13.5001 7.7954 2.6051
196 1969-04-01 13.44 12.4787 8.9333 4.169 4.1852 13.4562 8.6256 2.5978
197 1969-05-01 11.06 12.4814 6.5533 2.5726 4.1879 12.6753 6.8992 2.5905
198 1969-06-01 10.55 12.484 6.0433 2.4654 4.1905 12.2751 6.4808 2.5832
199 1969-07-01 12.38 12.4867 7.8733 5.1023 4.1932 11.4709 7.9527 2.5759
200 1969-08-01 12 12.4893 7.4933 5.2991 4.1958 10.8967 7.6756 2.5686
201 1969-09-01 10.63 12.492 6.1233 4.1627 4.1985 10.6658 6.5434 2.5613
202 1969-10-01 11.13 12.4946 6.6233 3.8366 4.2011 11.4945 6.9563 2.554
203 1969-11-01 11.83 12.4973 7.3233 2.9689 4.2038 13.0649 7.5491 2.5468
204 1969-12-01 12.53 12.4999 8.0233 2.8558 4.2064 13.8806 8.0706 2.5395
205 1970-01-01 13.15 12.5026 8.6433 4.03 4.2091 13.3291 8.4472 2.5322
206 1970-02-01 10.71 10.628 8.0805 1.7433 2.3345 11.3012 8.2416 2.5249
207 1970-03-01 11.69 10.6306 9.0605 2.3724 2.3372 11.6547 8.7255 2.5176
208 1970-04-01 12.86 10.6333 10.2305 3.589 2.3398 11.6108 9.3515 2.5103
209 1970-05-01 10.43 10.6359 7.8005 1.9426 2.3425 10.8299 8.0951 2.503
210 1970-06-01 9.46 10.6386 6.8305 1.3754 2.3451 10.4297 7.2521 2.4957
211 1970-07-01 8.44 10.6412 5.8105 1.1623 2.3478 9.6255 6.2215 2.4884
212 1970-08-01 8.88 10.6439 6.2505 2.1791 2.3504 9.0513 6.6653 2.4812
213 1970-09-01 9.99 10.6465 7.3605 3.5227 2.3531 8.8204 7.7373 2.4739
214 1970-10-01 9.68 10.6492 7.0505 2.3866 2.3557 9.6491 7.4703 2.4666
215 1970-11-01 12.18 10.6518 9.5505 3.3189 2.3584 11.2195 8.8001 2.4593
216 1970-12-01 14.01 10.6545 11.3805 4.3358 2.361 12.0352 10.4158 2.452
217 1971-01-01 11.88 10.6571 9.2505 2.76 2.3637 11.4837 8.8289 2.4447
218 1971-02-01 10.7 10.6598 8.0705 1.7333 2.3663 11.333 8.2817 2.4374
219 1971-03-01 15.74 10.6625 13.1105 6.4224 2.369 11.6865 12.1016 2.4301
220 1971-04-01 11.56 10.6651 8.9305 2.289 2.3716 11.6426 8.8378 2.4229
221 1971-05-01 10.79 10.6678 8.1605 2.3026 2.3743 10.8617 8.2661 2.4156
222 1971-06-01 9.87 10.6704 7.2405 1.7854 2.3769 10.4615 7.6549 2.4083
223 1971-07-01 7.74 10.6731 5.1105 0.4623 2.3796 9.6573 5.5199 2.401
224 1971-08-01 8.76 10.6757 6.1305 2.0591 2.3822 9.0831 6.5422 2.3937
225 1971-09-01 9.1 10.6784 6.4705 2.6327 2.3849 8.8522 6.8879 2.3864
226 1971-10-01 10.11 10.681 7.4805 2.8166 2.3875 9.6809 7.8356 2.3791
227 1971-11-01 12.19 10.6837 9.5605 3.3289 2.3902 11.2513 8.886 2.3718
228 1971-12-01 11.66 10.6863 9.0305 1.9858 2.3928 12.067 8.8615 2.3645
229 1972-01-01 13.58 10.689 10.9505 4.46 2.3955 11.5155 10.0225 2.3573
230 1972-02-01 11.23 10.6916 8.6005 2.2633 2.3981 11.3648 8.579 2.35
231 1972-03-01 10.53 10.6943 7.9005 1.2124 2.4008 11.7183 8.1562 2.3427
232 1972-04-01 11.74 10.6969 9.1105 2.469 2.4034 11.6744 8.8603 2.3354
233 1972-05-01 9.45 10.6996 6.8205 0.9626 2.4061 10.8935 7.2407 2.3281
234 1972-06-01 8.21 10.7022 5.5805 0.1254 2.4087 10.4933 5.9904 2.3208
235 1972-07-01 8.9 10.7049 6.2705 1.6223 2.4114 9.6891 6.6831 2.3135
236 1972-08-01 7.35 10.7075 4.7205 0.6491 2.414 9.1149 5.1298 2.3062
237 1972-09-01 9.21 10.7102 6.5805 2.7427 2.4167 8.884 6.9992 2.299
238 1972-10-01 7.99 10.7128 5.3605 0.6966 2.4193 9.7127 5.77 2.2917
239 1972-11-01 10.98 10.7155 8.3505 2.1189 2.422 11.2831 8.3952 2.2844
240 1972-12-01 14.3 10.7181 11.6705 4.6258 2.4246 12.0988 10.6806 2.2771
241 1973-01-01 14.81 10.7208 12.1805 5.69 2.4273 11.5473 11.1757 2.2698
242 1973-02-01 9.68 10.7234 7.0505 0.7133 2.4299 11.3966 7.4731 2.2625
243 1973-03-01 9.93 10.7261 7.3005 0.6124 2.4326 11.7501 7.7064 2.2552
244 1973-04-01 9.94 10.7287 7.3105 0.669 2.4352 11.7062 7.704 2.2479
245 1973-05-01 10.28 10.7314 7.6505 1.7926 2.4379 10.9253 7.9783 2.2406
246 1973-06-01 9.69 10.734 7.0605 1.6054 2.4405 10.5251 7.4839 2.2334
247 1973-07-01 8.94 10.7367 6.3105 1.6623 2.4432 9.7209 6.7242 2.2261
248 1973-08-01 9.03 10.7393 6.4005 2.3291 2.4458 9.1467 6.8165 2.2188
249 1973-09-01 8.32 10.742 5.6905 1.8527 2.4485 8.9158 6.1008 2.2115
250 1973-10-01 9.69 10.7446 7.0605 2.3966 2.4511 9.7445 7.4834 2.2042
251 1973-11-01 12.92 10.7473 10.2905 4.0589 2.4538 11.3149 9.4713 2.1969
252 1973-12-01 12.17 10.7499 9.5405 2.4958 2.4564 12.1306 8.9473 2.1896
253 1974-01-01 15.2 10.7526 12.5705 6.08 2.4591 11.5791 11.5598 2.1823
254 1974-02-01 12.05 10.7552 9.4205 3.0833 2.4617 11.4284 8.9122 2.1751
255 1974-03-01 10.89 9.2532 9.7652 1.5724 0.9597 10.2772 9.8578 2.1678
256 1974-04-01 10.23 9.2558 9.1052 0.959 0.9623 10.2333 8.7451 2.1605
257 1974-05-01 10.53 9.2585 9.4052 2.0426 0.965 9.4524 9.0667 2.1532
258 1974-06-01 9.86 9.2611 8.7352 1.7754 0.9676 9.0522 8.3921 2.1459
259 1974-07-01 8.17 9.2638 7.0452 0.8923 0.9703 8.248 6.9862 2.1386
260 1974-08-01 6.61 9.2664 5.4852 -0.0909 0.9729 7.6738 5.94 2.1313
261 1974-09-01 7.13 9.2691 6.0052 0.6627 0.9756 7.4429 6.3276 2.124
262 1974-10-01 6.67 9.2717 5.5452 -0.6234 0.9782 8.2716 5.9482 2.1167
263 1974-11-01 9.27 9.2744 8.1452 0.4089 0.9809 9.842 8.0124 2.1095
264 1974-12-01 10.89 9.277 9.7652 1.2158 0.9835 10.6577 9.6772 2.1022
265 1975-01-01 10.8 9.2797 9.6752 1.68 0.9862 10.1062 9.3983 2.0949
266 1975-02-01 10.88 9.2823 9.7552 1.9133 0.9888 9.9555 9.5666 2.0876
267 1975-03-01 11.98 9.285 10.8552 2.6624 0.9915 10.309 11.0254 2.0803
268 1975-04-01 9.02 9.2876 7.8952 -0.251 0.9941 10.2651 7.7613 2.073
269 1975-05-01 9.48 9.2903 8.3552 0.9926 0.9968 9.4842 8.1098 2.0657
270 1975-06-01 9.2 9.2929 8.0752 1.1154 0.9994 9.084 7.9442 2.0584
271 1975-07-01 7.83 9.2956 6.7052 0.5523 1.0021 8.2798 6.9289 2.0511
272 1975-08-01 7.87 9.2982 6.7452 1.1691 1.0047 7.7056 6.8643 2.0439
273 1975-09-01 6.11 9.3009 4.9852 -0.3573 1.0074 7.4747 5.4638 2.0366
274 1975-10-01 9.44 9.3035 8.3152 2.1466 1.01 8.3034 8.1242 2.0293
275 1975-11-01 10.93 9.3062 9.8052 2.0689 1.0127 9.8738 9.8157 2.022
276 1975-12-01 9 9.3088 7.8752 -0.6742 1.0153 10.6895 7.7449 2.0147
277 1976-01-01 7.9 9.3115 6.7752 -1.22 1.018 10.138 6.796 2.0074
278 1976-02-01 12.28 9.3141 11.1552 3.3133 1.0206 9.9873 11.3269 2.0001
279 1976-03-01 11.08 9.3168 9.9552 1.7624 1.0233 10.3408 10.101 1.9928
280 1976-04-01 9 9.3194 7.8752 -0.271 1.0259 10.2969 7.7662 1.9856
281 1976-05-01 9.4 9.3221 8.2752 0.9126 1.0286 9.516 8.1248 1.9783
282 1976-06-01 9.62 9.3247 8.4952 1.5354 1.0312 9.1158 8.1947 1.971
283 1976-07-01 7.41 8.2026 7.41 0.1323 -0.0909 7.1868 7.41 1.9637
284 1976-08-01 6.24 8.2052 6.24 -0.4609 -0.0882 6.6127 6.24 1.9564
285 1976-09-01 5.68 8.2079 5.68 -0.7873 -0.0856 6.3817 5.68 1.9491
286 1976-10-01 6.93 8.2105 6.93 -0.3634 -0.0829 7.2104 6.93 1.9418
287 1976-11-01 6.62 8.2132 6.62 -2.2411 -0.0803 8.7808 6.62 1.9345
288 1976-12-01 7.8 8.2158 7.8 -1.8742 -0.0776 9.5965 7.8 1.9272
289 1977-01-01 5.89 8.2185 5.89 -3.23 -0.075 9.045 5.89 1.92
290 1977-02-01 9.15 8.2211 9.15 0.1833 -0.0723 8.8944 9.15 1.9127
291 1977-03-01 11.27 8.2238 11.27 1.9524 -0.0697 9.2479 11.27 1.9054
292 1977-04-01 9.47 8.2264 9.47 0.199 -0.067 9.204 9.47 1.8981
293 1977-05-01 10.52 8.2291 10.52 2.0326 -0.0644 8.423 10.52 1.8908
294 1977-06-01 8.56 8.2317 8.56 0.4754 -0.0617 8.0228 8.56 1.8835
295 1977-07-01 9.38 8.2344 9.38 2.1023 -0.0591 7.2186 9.38 1.8762
296 1977-08-01 6.89 8.237 6.89 0.1891 -0.0564 6.6445 6.89 1.8689
297 1977-09-01 6.28 8.2397 6.28 -0.1873 -0.0538 6.4135 6.28 1.8617
298 1977-10-01 8.21 8.2423 8.21 0.9166 -0.0511 7.2422 8.21 1.8544
299 1977-11-01 12.71 8.245 12.71 3.8489 -0.0485 8.8126 12.71 1.8471
300 1977-12-01 10.03 8.2476 10.03 0.3558 -0.0458 9.6284 10.03 1.8398
301 1978-01-01 7.26 8.2503 7.26 -1.86 -0.0432 9.0768 7.26 1.8325
302 1978-02-01 8.71 8.2529 8.71 -0.2567 -0.0405 8.9262 8.71 1.8252
303 1978-03-01 7.44 8.2556 7.44 -1.8776 -0.0379 9.2797 7.44 1.8179
304 1978-04-01 9.43 8.2582 9.43 0.159 -0.0352 9.2358 9.43 1.8106
305 1978-05-01 9.44 8.2609 9.44 0.9526 -0.0326 8.4548 9.44 1.8033
306 1978-06-01 8.02 8.2636 8.02 -0.0646 -0.0299 8.0547 8.02 1.7961
307 1978-07-01 7.15 8.2662 7.15 -0.1277 -0.0273 7.2504 7.15 1.7888
308 1978-08-01 7.47 8.2689 7.47 0.7691 -0.0246 6.6763 7.47 1.7815
309 1978-09-01 7.32 8.2715 7.32 0.8527 -0.022 6.4453 7.32 1.7742
310 1978-10-01 5.77 8.2742 5.77 -1.5234 -0.0193 7.274 5.77 1.7669
311 1978-11-01 9.17 8.2768 9.17 0.3089 -0.0167 8.8444 9.17 1.7596
312 1978-12-01 12.56 8.2795 12.56 2.8858 -0.014 9.6602 12.56 1.7523
313 1979-01-01 8.61 8.2821 8.61 -0.51 -0.0114 9.1086 8.61 1.745
314 1979-02-01 10.51 8.2848 10.51 1.5433 -0.0087 8.958 10.51 1.7378
315 1979-03-01 7.98 8.2874 7.98 -1.3376 -0.0061 9.3115 7.98 1.7305
316 1979-04-01 8.6 8.2901 8.6 -0.671 -0.0034 9.2676 8.6 1.7232
317 1979-05-01 8.03 8.2927 8.03 -0.4574 -8e-04 8.4866 8.03 1.7159
318 1979-06-01 9.42 8.2954 9.42 1.3354 0.0019 8.0865 9.42 1.7086
319 1979-07-01 7.77 8.298 7.77 0.4923 0.0045 7.2822 7.77 1.7013
320 1979-08-01 6.23 8.3007 6.23 -0.4709 0.0072 6.7081 6.23 1.694
321 1979-09-01 6.92 8.3033 6.92 0.4527 0.0098 6.4771 6.92 1.6867
322 1979-10-01 7.32 8.306 7.32 0.0266 0.0125 7.3058 7.32 1.6794
323 1979-11-01 7.49 8.3086 7.49 -1.3711 0.0151 8.8762 7.49 1.6722
324 1979-12-01 11.24 8.3113 11.24 1.5658 0.0178 9.692 11.24 1.6649
325 1980-01-01 11.38 8.3139 11.38 2.26 0.0204 9.1404 11.38 1.6576
326 1980-02-01 9.9 8.3166 9.9 0.9333 0.0231 8.9898 9.9 1.6503
327 1980-03-01 11.34 8.3192 11.34 2.0224 0.0257 9.3433 11.34 1.643
328 1980-04-01 9.95 8.3219 9.95 0.679 0.0284 9.2994 9.95 1.6357
329 1980-05-01 8.72 8.3245 8.72 0.2326 0.031 8.5184 8.72 1.6284
330 1980-06-01 7.52 8.3272 7.52 -0.5646 0.0337 8.1183 7.52 1.6211
331 1980-07-01 7.19 8.3298 7.19 -0.0877 0.0363 7.314 7.19 1.6139
332 1980-08-01 6.97 8.3325 6.97 0.2691 0.039 6.7399 6.97 1.6066
333 1980-09-01 6.66 8.3351 6.66 0.1927 0.0416 6.509 6.66 1.5993
334 1980-10-01 5.63 8.3378 5.63 -1.6634 0.0443 7.3376 5.63 1.592
335 1980-11-01 7.95 8.3404 7.95 -0.9111 0.0469 8.908 7.95 1.5847
336 1980-12-01 7.85 8.3431 7.85 -1.8242 0.0496 9.7238 7.85 1.5774
337 1981-01-01 5.47 8.3457 5.47 -3.65 0.0522 9.1723 5.47 1.5701
338 1981-02-01 9.52 8.3484 9.52 0.5533 0.0549 9.0216 9.52 1.5628
339 1981-03-01 7.92 8.351 7.92 -1.3976 0.0575 9.3751 7.92 1.5555
340 1981-04-01 10.97 8.3537 10.97 1.699 0.0602 9.3312 10.97 1.5483
341 1981-05-01 6.96 8.3563 6.96 -1.5274 0.0628 8.5503 6.96 1.541
342 1981-06-01 8.41 8.359 8.41 0.3254 0.0655 8.1501 8.41 1.5337
343 1981-07-01 6.66 8.3616 6.66 -0.6177 0.0681 7.3458 6.66 1.5264
344 1981-08-01 5.65 8.3643 5.65 -1.0509 0.0708 6.7717 5.65 1.5191
345 1981-09-01 6.65 8.3669 6.65 0.1827 0.0734 6.5408 6.65 1.5118
346 1981-10-01 6.74 8.3696 6.74 -0.5534 0.0761 7.3694 6.74 1.5045
347 1981-11-01 8.44 8.3722 8.44 -0.4211 0.0787 8.9398 8.44 1.4972
348 1981-12-01 8.48 8.3749 8.48 -1.1942 0.0814 9.7556 8.48 1.4899
349 1982-01-01 8.72 8.3775 8.72 -0.4 0.084 9.2041 8.72 1.4827
350 1982-02-01 9.58 8.3802 9.58 0.6133 0.0867 9.0534 9.58 1.4754
351 1982-03-01 7.7 8.3828 7.7 -1.6176 0.0893 9.4069 7.7 1.4681
352 1982-04-01 9.31 8.3855 9.31 0.039 0.092 9.363 9.31 1.4608
353 1982-05-01 7.73 8.3881 7.73 -0.7574 0.0946 8.5821 7.73 1.4535
354 1982-06-01 6.54 8.3908 6.54 -1.5446 0.0973 8.1819 6.54 1.4462
355 1982-07-01 6.41 8.3934 6.41 -0.8677 0.0999 7.3776 6.41 1.4389
356 1982-08-01 6.34 8.3961 6.34 -0.3609 0.1026 6.8035 6.34 1.4316
357 1982-09-01 6.17 8.3987 6.17 -0.2973 0.1052 6.5726 6.17 1.4244
358 1982-10-01 7.85 8.4014 7.85 0.5566 0.1079 7.4013 7.85 1.4171
359 1982-11-01 8.1 8.404 8.1 -0.7611 0.1106 8.9716 8.1 1.4098
360 1982-12-01 9.99 8.4067 9.99 0.3158 0.1132 9.7874 9.99 1.4025
361 1983-01-01 8.35 8.4093 8.35 -0.77 0.1159 9.2359 8.35 1.3952
362 1983-02-01 8.82 8.412 8.82 -0.1467 0.1185 9.0852 8.82 1.3879
363 1983-03-01 8.31 8.4146 8.31 -1.0076 0.1212 9.4387 8.31 1.3806
364 1983-04-01 7.24 8.4173 7.24 -2.031 0.1238 9.3948 7.24 1.3733
365 1983-05-01 7.15 8.4199 7.15 -1.3374 0.1265 8.6139 7.15 1.366
366 1983-06-01 8.18 8.4226 8.18 0.0954 0.1291 8.2137 8.18 1.3588
367 1983-07-01 8.28 8.4252 8.28 1.0023 0.1318 7.4094 8.28 1.3515
368 1983-08-01 6.85 8.4279 6.85 0.1491 0.1344 6.8353 6.85 1.3442
369 1983-09-01 7.42 8.4305 7.42 0.9527 0.1371 6.6044 7.42 1.3369
370 1983-10-01 6.1 8.4332 6.1 -1.1934 0.1397 7.4331 6.1 1.3296
371 1983-11-01 12.63 8.4358 12.63 3.7689 0.1424 9.0034 12.63 1.3223
372 1983-12-01 12.35 8.4385 12.35 2.6758 0.145 9.8192 12.35 1.315
373 1984-01-01 8.89 8.4411 8.89 -0.23 0.1477 9.2677 8.89 1.3077
374 1984-02-01 9.34 8.4438 9.34 0.3733 0.1503 9.117 9.34 1.3005
375 1984-03-01 8.26 8.4464 8.26 -1.0576 0.153 9.4705 8.26 1.2932
376 1984-04-01 10.6 8.4491 10.6 1.329 0.1556 9.4266 10.6 1.2859
377 1984-05-01 9.72 8.4517 9.72 1.2326 0.1583 8.6457 9.72 1.2786
378 1984-06-01 8.21 8.4544 8.21 0.1254 0.1609 8.2455 8.21 1.2713
379 1984-07-01 7.62 8.457 7.62 0.3423 0.1636 7.4413 7.62 1.264
380 1984-08-01 7.89 8.4597 7.89 1.1891 0.1662 6.8671 7.89 1.2567
381 1984-09-01 7.14 8.4623 7.14 0.6727 0.1689 6.6362 7.14 1.2494
382 1984-10-01 7.37 8.465 7.37 0.0766 0.1715 7.4649 7.37 1.2421
383 1984-11-01 9.36 8.4677 9.36 0.4989 0.1742 9.0353 9.36 1.2349
384 1984-12-01 7.87 8.4703 7.87 -1.8042 0.1768 9.851 7.87 1.2276
385 1985-01-01 6.42 8.473 6.42 -2.7 0.1795 9.2995 6.42 1.2203
386 1985-02-01 9.68 8.4756 9.68 0.7133 0.1821 9.1488 9.68 1.213
387 1985-03-01 11.3 8.4783 11.3 1.9824 0.1848 9.5023 11.3 1.2057
388 1985-04-01 9.83 8.4809 9.83 0.559 0.1874 9.4584 9.83 1.1984
389 1985-05-01 9.21 8.4836 9.21 0.7226 0.1901 8.6775 9.21 1.1911
390 1985-06-01 9.66 8.4862 9.66 1.5754 0.1927 8.2773 9.66 1.1838
391 1985-07-01 7.89 8.4889 7.89 0.6123 0.1954 7.4731 7.89 1.1766
392 1985-08-01 8.05 8.4915 8.05 1.3491 0.198 6.8989 8.05 1.1693
393 1985-09-01 7.12 8.4942 7.12 0.6527 0.2007 6.668 7.12 1.162
394 1985-10-01 10.07 8.4968 10.07 2.7766 0.2033 7.4967 10.07 1.1547
395 1985-11-01 10.56 8.4995 10.56 1.6989 0.206 9.0671 10.56 1.1474
396 1985-12-01 6.46 8.5021 6.46 -3.2142 0.2086 9.8828 6.46 1.1401
397 1986-01-01 8.63 8.5048 8.63 -0.49 0.2113 9.3313 8.63 1.1328
398 1986-02-01 7.99 8.5074 7.99 -0.9767 0.2139 9.1806 7.99 1.1255
399 1986-03-01 7.98 8.5101 7.98 -1.3376 0.2166 9.5341 7.98 1.1182
400 1986-04-01 8.38 8.5127 8.38 -0.891 0.2192 9.4902 8.38 1.111
401 1986-05-01 7.77 8.5154 7.77 -0.7174 0.2219 8.7093 7.77 1.1037
402 1986-06-01 6.65 8.518 6.65 -1.4346 0.2245 8.3091 6.65 1.0964
403 1986-07-01 8.24 8.5207 8.24 0.9623 0.2272 7.5049 8.24 1.0891
404 1986-08-01 5.31 8.5233 5.31 -1.3909 0.2298 6.9307 5.31 1.0818
405 1986-09-01 6.45 8.526 6.45 -0.0173 0.2325 6.6998 6.45 1.0745
406 1986-10-01 5.68 8.5286 5.68 -1.6134 0.2351 7.5285 5.68 1.0672
407 1986-11-01 10.12 8.5313 10.12 1.2589 0.2378 9.0989 10.12 1.0599
408 1986-12-01 8.06 8.5339 8.06 -1.6142 0.2404 9.9146 8.06 1.0526
409 1987-01-01 9.16 8.5366 9.16 0.04 0.2431 9.3631 9.16 1.0454
410 1987-02-01 8.32 8.5392 8.32 -0.6467 0.2457 9.2124 8.32 1.0381
411 1987-03-01 7.42 8.5419 7.42 -1.8976 0.2484 9.5659 7.42 1.0308
412 1987-04-01 9.28 8.5445 9.28 0.009 0.251 9.522 9.28 1.0235
413 1987-05-01 9.3 8.5472 9.3 0.8126 0.2537 8.7411 9.3 1.0162
414 1987-06-01 8.89 8.5498 8.89 0.8054 0.2563 8.3409 8.89 1.0089
415 1987-07-01 8.72 8.5525 8.72 1.4423 0.259 7.5367 8.72 1.0016
416 1987-08-01 6.88 8.5551 6.88 0.1791 0.2616 6.9625 6.88 0.9943
417 1987-09-01 6.47 8.5578 6.47 0.0027 0.2643 6.7316 6.47 0.9871
418 1987-10-01 5.93 8.5604 5.93 -1.3634 0.2669 7.5603 5.93 0.9798
419 1987-11-01 7.7 8.5631 7.7 -1.1611 0.2696 9.1307 7.7 0.9725
420 1987-12-01 10.13 8.5657 10.13 0.4558 0.2722 9.9464 10.13 0.9652
421 1988-01-01 9.59 8.5684 9.59 0.47 0.2749 9.3949 9.59 0.9579
422 1988-02-01 7.15 8.571 7.15 -1.8167 0.2775 9.2442 7.15 0.9506
423 1988-03-01 10.36 8.5737 10.36 1.0424 0.2802 9.5977 10.36 0.9433
424 1988-04-01 8.64 8.5763 8.64 -0.631 0.2828 9.5538 8.64 0.936
425 1988-05-01 9.16 8.579 9.16 0.6726 0.2855 8.7729 9.16 0.9287
426 1988-06-01 9.47 8.5816 9.47 1.3854 0.2881 8.3727 9.47 0.9215
427 1988-07-01 9.15 8.5843 9.15 1.8723 0.2908 7.5685 9.15 0.9142
428 1988-08-01 8.15 8.5869 8.15 1.4491 0.2934 6.9943 8.15 0.9069
429 1988-09-01 7.95 8.5896 7.95 1.4827 0.2961 6.7634 7.95 0.8996
430 1988-10-01 6.49 8.5922 6.49 -0.8034 0.2987 7.5921 6.49 0.8923
431 1988-11-01 12.46 8.5949 12.46 3.5989 0.3014 9.1625 12.46 0.885
432 1988-12-01 9.03 8.5975 9.03 -0.6442 0.304 9.9782 9.03 0.8777
433 1989-01-01 10.06 8.6002 10.06 0.94 0.3067 9.4267 10.06 0.8704
434 1989-02-01 12.19 8.6028 12.19 3.2233 0.3093 9.276 12.19 0.8632
435 1989-03-01 10.06 8.6055 10.06 0.7424 0.312 9.6296 10.06 0.8559
436 1989-04-01 9.72 8.6081 9.72 0.449 0.3147 9.5857 9.72 0.8486
437 1989-05-01 9.6 8.6108 9.6 1.1126 0.3173 8.8047 9.6 0.8413
438 1989-06-01 8 8.6134 8 -0.0846 0.32 8.4045 8 0.834
439 1989-07-01 8.6 8.6161 8.6 1.3223 0.3226 7.6003 8.6 0.8267
440 1989-08-01 7.6 8.6187 7.6 0.8991 0.3253 7.0262 7.6 0.8194
441 1989-09-01 6.97 8.6214 6.97 0.5027 0.3279 6.7952 6.97 0.8121
442 1989-10-01 7.82 8.624 7.82 0.5266 0.3306 7.6239 7.82 0.8048
443 1989-11-01 9.17 8.6267 9.17 0.3089 0.3332 9.1943 9.17 0.7976
444 1989-12-01 6.45 8.6293 6.45 -3.2242 0.3359 10.01 6.45 0.7903
445 1990-01-01 10.8 8.632 10.8 1.68 0.3385 9.4585 10.8 0.783
446 1990-02-01 11.14 8.6346 11.14 2.1733 0.3412 9.3079 11.14 0.7757
447 1990-03-01 8.58 8.6373 8.58 -0.7376 0.3438 9.6614 8.58 0.7684
448 1990-04-01 9.43 8.6399 9.43 0.159 0.3465 9.6175 9.43 0.7611
449 1990-05-01 9.21 8.6426 9.21 0.7226 0.3491 8.8365 9.21 0.7538
450 1990-06-01 8.71 8.6452 8.71 0.6254 0.3518 8.4363 8.71 0.7465
451 1990-07-01 7.42 8.6479 7.42 0.1423 0.3544 7.6321 7.42 0.7393
452 1990-08-01 7.63 8.6505 7.63 0.9291 0.3571 7.058 7.63 0.732
453 1990-09-01 6.01 8.6532 6.01 -0.4573 0.3597 6.827 6.01 0.7247
454 1990-10-01 10.17 8.6558 10.17 2.8766 0.3624 7.6557 10.17 0.7174
455 1990-11-01 9.8 8.6585 9.8 0.9389 0.365 9.2261 9.8 0.7101
456 1990-12-01 11.87 8.6611 11.87 2.1958 0.3677 10.0419 11.87 0.7028
457 1991-01-01 7.69 8.6638 7.69 -1.43 0.3703 9.4903 7.69 0.6955
458 1991-02-01 8.63 8.6664 8.63 -0.3367 0.373 9.3397 8.63 0.6882
459 1991-03-01 8.99 8.6691 8.99 -0.3276 0.3756 9.6932 8.99 0.6809
460 1991-04-01 9.37 8.6718 9.37 0.099 0.3783 9.6493 9.37 0.6737
461 1991-05-01 9.27 8.6744 9.27 0.7826 0.3809 8.8683 9.27 0.6664
462 1991-06-01 8.36 8.6771 8.36 0.2754 0.3836 8.4682 8.36 0.6591
463 1991-07-01 8.12 8.6797 8.12 0.8423 0.3862 7.6639 8.12 0.6518
464 1991-08-01 7.3 8.6824 7.3 0.5991 0.3889 7.0898 7.3 0.6445
465 1991-09-01 5.92 8.685 5.92 -0.5473 0.3915 6.8588 5.92 0.6372
466 1991-10-01 7.53 8.6877 7.53 0.2366 0.3942 7.6875 7.53 0.6299
467 1991-11-01 9.52 8.6903 9.52 0.6589 0.3968 9.2579 9.52 0.6226
468 1991-12-01 8.66 8.693 8.66 -1.0142 0.3995 10.0737 8.66 0.6154
469 1992-01-01 10.19 8.6956 10.19 1.07 0.4021 9.5221 10.19 0.6081
470 1992-02-01 7.43 8.6983 7.43 -1.5367 0.4048 9.3715 7.43 0.6008
471 1992-03-01 6.31 8.7009 6.31 -3.0076 0.4074 9.725 6.31 0.5935
472 1992-04-01 9.41 8.7036 9.41 0.139 0.4101 9.6811 9.41 0.5862
473 1992-05-01 8.78 8.7062 8.78 0.2926 0.4127 8.9001 8.78 0.5789
474 1992-06-01 7.45 8.7089 7.45 -0.6346 0.4154 8.5 7.45 0.5716
475 1992-07-01 7.07 8.7115 7.07 -0.2077 0.418 7.6957 7.07 0.5643
476 1992-08-01 6.57 8.7142 6.57 -0.1309 0.4207 7.1216 6.57 0.557
477 1992-09-01 8.55 8.7168 8.55 2.0827 0.4233 6.8906 8.55 0.5498
478 1992-10-01 7.42 8.7195 7.42 0.1266 0.426 7.7193 7.42 0.5425
479 1992-11-01 7.93 8.7221 7.93 -0.9311 0.4286 9.2897 7.93 0.5352
480 1992-12-01 11.64 8.7248 11.64 1.9658 0.4313 10.1055 11.64 0.5279
481 1993-01-01 10.05 8.7274 10.05 0.93 0.4339 9.5539 10.05 0.5206
482 1993-02-01 9.04 8.7301 9.04 0.0733 0.4366 9.4033 9.04 0.5133
483 1993-03-01 8.59 8.7327 8.59 -0.7276 0.4392 9.7568 8.59 0.506
484 1993-04-01 9.11 8.7354 9.11 -0.161 0.4419 9.7129 9.11 0.4987
485 1993-05-01 8.58 8.738 8.58 0.0926 0.4445 8.9319 8.58 0.4914
486 1993-06-01 9.73 8.7407 9.73 1.6454 0.4472 8.5318 9.73 0.4842
487 1993-07-01 8.96 8.7433 8.96 1.6823 0.4498 7.7275 8.96 0.4769
488 1993-08-01 7.19 8.746 7.19 0.4891 0.4525 7.1534 7.19 0.4696
489 1993-09-01 6.02 8.7486 6.02 -0.4473 0.4551 6.9225 6.02 0.4623
490 1993-10-01 6.06 8.7513 6.06 -1.2334 0.4578 7.7511 6.06 0.455
491 1993-11-01 10.11 8.7539 10.11 1.2489 0.4604 9.3215 10.11 0.4477
492 1993-12-01 9.33 8.7566 9.33 -0.3442 0.4631 10.1373 9.33 0.4404
493 1994-01-01 7.23 8.7592 7.23 -1.89 0.4657 9.5858 7.23 0.4331
494 1994-02-01 10.45 8.7619 10.45 1.4833 0.4684 9.4351 10.45 0.4259
495 1994-03-01 9.15 8.7645 9.15 -0.1676 0.471 9.7886 9.15 0.4186
496 1994-04-01 8.28 8.7672 8.28 -0.991 0.4737 9.7447 8.28 0.4113
497 1994-05-01 9.32 8.7698 9.32 0.8326 0.4763 8.9638 9.32 0.404
498 1994-06-01 8.39 8.7725 8.39 0.3054 0.479 8.5636 8.39 0.3967
499 1994-07-01 7.66 8.7751 7.66 0.3823 0.4816 7.7593 7.66 0.3894
500 1994-08-01 7.92 8.7778 7.92 1.2191 0.4843 7.1852 7.92 0.3821
501 1994-09-01 6.56 8.7804 6.56 0.0927 0.4869 6.9543 6.56 0.3748
502 1994-10-01 7.9 8.7831 7.9 0.6066 0.4896 7.7829 7.9 0.3675
503 1994-11-01 11.96 8.7857 11.96 3.0989 0.4922 9.3533 11.96 0.3603
504 1994-12-01 11.43 8.7884 11.43 1.7558 0.4949 10.1691 11.43 0.353
505 1995-01-01 8.54 8.791 8.54 -0.58 0.4975 9.6176 8.54 0.3457
506 1995-02-01 10.15 8.7937 10.15 1.1833 0.5002 9.4669 10.15 0.3384
507 1995-03-01 9.89 8.7963 9.89 0.5724 0.5028 9.8204 9.89 0.3311
508 1995-04-01 8.84 8.799 8.84 -0.431 0.5055 9.7765 8.84 0.3238
509 1995-05-01 7.95 8.8016 7.95 -0.5374 0.5081 8.9956 7.95 0.3165
510 1995-06-01 7.89 8.8043 7.89 -0.1946 0.5108 8.5954 7.89 0.3092
511 1995-07-01 8.57 8.8069 8.57 1.2923 0.5134 7.7911 8.57 0.302
512 1995-08-01 8.32 8.8096 8.32 1.6191 0.5161 7.217 8.32 0.2947
513 1995-09-01 6.55 8.8122 6.55 0.0827 0.5188 6.9861 6.55 0.2874
514 1995-10-01 8.14 8.8149 8.14 0.8466 0.5214 7.8148 8.14 0.2801
515 1995-11-01 9.73 8.8175 9.73 0.8689 0.5241 9.3851 9.73 0.2728
516 1995-12-01 9.16 8.8202 9.16 -0.5142 0.5267 10.2009 9.16 0.2655
517 1996-01-01 10.29 8.8228 10.29 1.17 0.5294 9.6494 10.29 0.2582
518 1996-02-01 9.53 8.8255 9.53 0.5633 0.532 9.4987 9.53 0.2509
519 1996-03-01 9.06 8.8281 9.06 -0.2576 0.5347 9.8522 9.06 0.2436
520 1996-04-01 9.38 8.8308 9.38 0.109 0.5373 9.8083 9.38 0.2364
521 1996-05-01 9.52 8.8334 9.52 1.0326 0.54 9.0274 9.52 0.2291
522 1996-06-01 9.59 8.8361 9.59 1.5054 0.5426 8.6272 9.59 0.2218
523 1996-07-01 7.26 8.8387 7.26 -0.0177 0.5453 7.823 7.26 0.2145
524 1996-08-01 7.75 8.8414 7.75 1.0491 0.5479 7.2488 7.75 0.2072
525 1996-09-01 5.79 8.844 5.79 -0.6773 0.5506 7.0179 5.79 0.1999
526 1996-10-01 7.04 8.8467 7.04 -0.2534 0.5532 7.8466 7.04 0.1926
527 1996-11-01 7.14 8.8493 7.14 -1.7211 0.5559 9.4169 7.14 0.1853
528 1996-12-01 11.14 8.852 11.14 1.4658 0.5585 10.2327 11.14 0.1781
529 1997-01-01 7.2 8.8546 7.2 -1.92 0.5612 9.6812 7.2 0.1708
530 1997-02-01 6.94 8.8573 6.94 -2.0267 0.5638 9.5305 6.94 0.1635
531 1997-03-01 11.78 8.8599 11.78 2.4624 0.5665 9.884 11.78 0.1562
532 1997-04-01 9.11 8.8626 9.11 -0.161 0.5691 9.8401 9.11 0.1489
533 1997-05-01 7.74 8.8652 7.74 -0.7474 0.5718 9.0592 7.74 0.1416
534 1997-06-01 8.93 8.8679 8.93 0.8454 0.5744 8.659 8.93 0.1343
535 1997-07-01 8.45 8.8705 8.45 1.1723 0.5771 7.8548 8.45 0.127
536 1997-08-01 6.4 8.8732 6.4 -0.3009 0.5797 7.2806 6.4 0.1197
537 1997-09-01 7.54 8.8759 7.54 1.0727 0.5824 7.0497 7.54 0.1125
538 1997-10-01 9.38 8.8785 9.38 2.0866 0.585 7.8784 9.38 0.1052
539 1997-11-01 7.59 8.8812 7.59 -1.2711 0.5877 9.4488 7.59 0.0979
540 1997-12-01 9.95 8.8838 9.95 0.2758 0.5903 10.2645 9.95 0.0906
541 1998-01-01 11.05 8.8865 11.05 1.93 0.593 9.713 11.05 0.0833
542 1998-02-01 10.19 8.8891 10.19 1.2233 0.5956 9.5623 10.19 0.076
543 1998-03-01 7.83 8.8918 7.83 -1.4876 0.5983 9.9158 7.83 0.0687
544 1998-04-01 9.08 8.8944 9.08 -0.191 0.6009 9.8719 9.08 0.0614
545 1998-05-01 8.9 8.8971 8.9 0.4126 0.6036 9.091 8.9 0.0542
546 1998-06-01 8.47 8.8997 8.47 0.3854 0.6062 8.6908 8.47 0.0469
547 1998-07-01 7.06 8.9024 7.06 -0.2177 0.6089 7.8866 7.06 0.0396
548 1998-08-01 7.71 8.905 7.71 1.0091 0.6115 7.3124 7.71 0.0323
549 1998-09-01 5.99 8.9077 5.99 -0.4773 0.6142 7.0815 5.99 0.025
550 1998-10-01 7.67 8.9103 7.67 0.3766 0.6168 7.9102 7.67 0.0177
551 1998-11-01 11.88 8.913 11.88 3.0189 0.6195 9.4806 11.88 0.0104
552 1998-12-01 -999.99 -999.99 -999.99 -999.99 -999.99 -999.99 -999.99 -999.99
553 1999-01-01 10.21 8.9183 10.21 1.09 0.6248 9.7448 10.21 -0.0042
554 1999-02-01 -999.99 -999.99 -999.99 -999.99 -999.99 -999.99 -999.99 -999.99
555 1999-03-01 -999.99 -999.99 -999.99 -999.99 -999.99 -999.99 -999.99 -999.99
556 1999-04-01 11.66 8.9262 11.66 2.389 0.6327 9.9037 11.66 -0.026
557 1999-05-01 11.93 8.9289 11.93 3.4426 0.6354 9.1228 11.93 -0.0333
558 1999-06-01 11.18 8.9315 11.18 3.0954 0.638 8.7226 11.18 -0.0406
559 1999-07-01 9.34 8.9342 9.34 2.0623 0.6407 7.9184 9.34 -0.0479
560 1999-08-01 9.23 8.9368 9.23 2.5291 0.6433 7.3442 9.23 -0.0552
561 1999-09-01 8.2 8.9395 8.2 1.7327 0.646 7.1133 8.2 -0.0625
562 1999-10-01 8.38 8.9421 8.38 1.0866 0.6486 7.942 8.38 -0.0698
563 1999-11-01 8.05 8.9448 8.05 -0.8111 0.6513 9.5124 8.05 -0.077
564 1999-12-01 9.99 8.9474 9.99 0.3158 0.6539 10.3281 9.99 -0.0843
565 2000-01-01 9.09 8.9501 9.09 -0.03 0.6566 9.7766 9.09 -0.0916
566 2000-02-01 7.39 8.9527 7.39 -1.5767 0.6592 9.6259 7.39 -0.0989
567 2000-03-01 9.2 8.9554 9.2 -0.1176 0.6619 9.9794 9.2 -0.1062
568 2000-04-01 9.67 8.958 9.67 0.399 0.6645 9.9355 9.67 -0.1135
569 2000-05-01 10.21 8.9607 10.21 1.7226 0.6672 9.1546 10.21 -0.1208
570 2000-06-01 9.52 8.9633 9.52 1.4354 0.6698 8.7544 9.52 -0.1281
571 2000-07-01 9.26 8.966 9.26 1.9823 0.6725 7.9502 9.26 -0.1353
572 2000-08-01 9.2 8.9686 9.2 2.4991 0.6751 7.376 9.2 -0.1426
573 2000-09-01 8.27 8.9713 8.27 1.8027 0.6778 7.1451 8.27 -0.1499
574 2000-10-01 8.57 8.9739 8.57 1.2766 0.6804 7.9738 8.57 -0.1572
575 2000-11-01 7.57 8.9766 7.57 -1.2911 0.6831 9.5442 7.57 -0.1645
576 2000-12-01 9.13 8.9792 9.13 -0.5442 0.6857 10.3599 9.13 -0.1718
577 2001-01-01 7.68 8.9819 7.68 -1.44 0.6884 9.8084 7.68 -0.1791
578 2001-02-01 9.1 8.9845 9.1 0.1333 0.691 9.6577 9.1 -0.1864
579 2001-03-01 10.31 8.9872 10.31 0.9924 0.6937 10.0113 10.31 -0.1937
580 2001-04-01 11.63 8.9898 11.63 2.359 0.6963 9.9673 11.63 -0.2009
581 2001-05-01 10.06 8.9925 10.06 1.5726 0.699 9.1864 10.06 -0.2082
582 2001-06-01 11.07 8.9951 11.07 2.9854 0.7016 8.7862 11.07 -0.2155
583 2001-07-01 9.19 8.9978 9.19 1.9123 0.7043 7.982 9.19 -0.2228
584 2001-08-01 8.39 9.0004 8.39 1.6891 0.7069 7.4078 8.39 -0.2301
585 2001-09-01 7.74 9.0031 7.74 1.2727 0.7096 7.1769 7.74 -0.2374
586 2001-10-01 10.19 9.0057 10.19 2.8966 0.7122 8.0056 10.19 -0.2447
587 2001-11-01 8.82 9.0084 8.82 -0.0411 0.7149 9.576 8.82 -0.252
588 2001-12-01 11.71 9.011 11.71 2.0358 0.7175 10.3917 11.71 -0.2592
589 2002-01-01 9.48 9.0137 9.48 0.36 0.7202 9.8402 9.48 -0.2665
590 2002-02-01 9.46 9.0163 9.46 0.4933 0.7229 9.6895 9.46 -0.2738
591 2002-03-01 12.58 9.019 12.58 3.2624 0.7255 10.0431 12.58 -0.2811
592 2002-04-01 10.73 9.0216 10.73 1.459 0.7282 9.9992 10.73 -0.2884
593 2002-05-01 10.17 9.0243 10.17 1.6826 0.7308 9.2182 10.17 -0.2957
594 2002-06-01 9.36 9.0269 9.36 1.2754 0.7335 8.818 9.36 -0.303
595 2002-07-01 7.85 9.0296 7.85 0.5723 0.7361 8.0138 7.85 -0.3103
596 2002-08-01 7.22 9.0322 7.22 0.5191 0.7388 7.4397 7.22 -0.3176
597 2002-09-01 7.98 9.0349 7.98 1.5127 0.7414 7.2087 7.98 -0.3248
598 2002-10-01 6.01 9.0375 6.01 -1.2834 0.7441 8.0374 6.01 -0.3321
599 2002-11-01 8.31 9.0402 8.31 -0.5511 0.7467 9.6078 8.31 -0.3394
600 2002-12-01 11.11 9.0428 11.11 1.4358 0.7494 10.4235 11.11 -0.3467
601 2003-01-01 9.03 9.0455 9.03 -0.09 0.752 9.872 9.03 -0.354
602 2003-02-01 7.93 9.0481 7.93 -1.0367 0.7547 9.7214 7.93 -0.3613
603 2003-03-01 10.92 9.0508 10.92 1.6024 0.7573 10.0749 10.92 -0.3686
604 2003-04-01 10 9.0534 10 0.729 0.76 10.031 10 -0.3759
605 2003-05-01 9.52 9.0561 9.52 1.0326 0.7626 9.25 9.52 -0.3831
606 2003-06-01 9.29 9.0587 9.29 1.2054 0.7653 8.8498 9.29 -0.3904
607 2003-07-01 8.34 9.0614 8.34 1.0623 0.7679 8.0456 8.34 -0.3977
608 2003-08-01 7.49 9.064 7.49 0.7891 0.7706 7.4715 7.49 -0.405
609 2003-09-01 7 9.0667 7 0.5327 0.7732 7.2405 7 -0.4123
610 2003-10-01 10.22 9.0693 10.22 2.9266 0.7759 8.0692 10.22 -0.4196
611 2003-11-01 9.95 9.072 9.95 1.0889 0.7785 9.6396 9.95 -0.4269
612 2003-12-01 10.92 9.0746 10.92 1.2458 0.7812 10.4554 10.92 -0.4342
613 2004-01-01 10.48 9.0773 10.48 1.36 0.7838 9.9038 10.48 -0.4415
614 2004-02-01 8.63 9.08 8.63 -0.3367 0.7865 9.7532 8.63 -0.4487
615 2004-03-01 11.26 9.0826 11.26 1.9424 0.7891 10.1067 11.26 -0.456
616 2004-04-01 9.7 9.0853 9.7 0.429 0.7918 10.0628 9.7 -0.4633
617 2004-05-01 9.85 9.0879 9.85 1.3626 0.7944 9.2818 9.85 -0.4706
618 2004-06-01 9.31 9.0906 9.31 1.2254 0.7971 8.8817 9.31 -0.4779
619 2004-07-01 9.15 9.0932 9.15 1.8723 0.7997 8.0774 9.15 -0.4852
620 2004-08-01 8.17 9.0959 8.17 1.4691 0.8024 7.5033 8.17 -0.4925
621 2004-09-01 8.08 9.0985 8.08 1.6127 0.805 7.2723 8.08 -0.4998
622 2004-10-01 8.99 9.1012 8.99 1.6966 0.8077 8.101 8.99 -0.507
623 2004-11-01 8.71 9.1038 8.71 -0.1511 0.8103 9.6714 8.71 -0.5143
624 2004-12-01 8.74 9.1065 8.74 -0.9342 0.813 10.4872 8.74 -0.5216
625 2005-01-01 9.48 9.1091 9.48 0.36 0.8156 9.9356 9.48 -0.5289
626 2005-02-01 8.7 9.1118 8.7 -0.2667 0.8183 9.785 8.7 -0.5362
627 2005-03-01 9.77 9.1144 9.77 0.4524 0.8209 10.1385 9.77 -0.5435
628 2005-04-01 11.13 9.1171 11.13 1.859 0.8236 10.0946 11.13 -0.5508
629 2005-05-01 9.06 9.1197 9.06 0.5726 0.8262 9.3136 9.06 -0.5581
630 2005-06-01 9.71 9.1224 9.71 1.6254 0.8289 8.9135 9.71 -0.5654
631 2005-07-01 9.08 9.125 9.08 1.8023 0.8315 8.1092 9.08 -0.5726
632 2005-08-01 7.82 9.1277 7.82 1.1191 0.8342 7.5351 7.82 -0.5799
633 2005-09-01 7.93 9.1303 7.93 1.4627 0.8368 7.3041 7.93 -0.5872
634 2005-10-01 8.69 9.133 8.69 1.3966 0.8395 8.1328 8.69 -0.5945
635 2005-11-01 9.55 9.1356 9.55 0.6889 0.8421 9.7032 9.55 -0.6018
636 2005-12-01 10.19 9.1383 10.19 0.5158 0.8448 10.519 10.19 -0.6091
