"id" "date" "base" "base_trend+meanShift.ref" "base_mean_adj.ref" "base_trend+meanShift.base" "base_mean_adj.base" "base_anomaly" "fit_of_base_anomaly" "annualC+meanShifts" "QM_adjusted" "fit_of_deseason_base"
1 1954-01-01 6.45 7.4126 6.719 7.4595 7.2908 0.1708 -0.3832 5.896 -999.99 -2.0533
2 1954-02-01 7.92 7.412 8.189 7.458 8.7608 0.7508 -0.3847 6.7845 -999.99 -2.0511
3 1954-03-01 8.03 7.4114 8.299 7.4565 8.8708 -0.6995 -0.3862 8.3433 -999.99 -2.0489
4 1954-04-01 9.28 7.4108 9.549 7.455 10.1208 -0.0918 -0.3877 8.9841 -999.99 -2.0467
5 1954-05-01 8.37 7.4101 8.639 7.4535 9.2108 -0.8017 -0.3892 8.7825 -999.99 -2.0444
6 1954-06-01 7.17 7.4095 7.439 7.452 8.0108 -1.6509 -0.3907 8.4302 -999.99 -2.0422
7 1954-07-01 7.85 7.4089 8.119 7.4505 8.6908 -0.8611 -0.3922 8.3189 -999.99 -2.04
8 1954-08-01 6.01 7.4082 6.279 7.449 6.8508 -2.166 -0.3937 7.7824 -999.99 -2.0377
9 1954-09-01 5.85 7.4076 6.119 7.4475 6.6908 -1.4448 -0.3952 6.8996 -999.99 -2.0355
10 1954-10-01 6.43 7.407 6.699 7.446 7.2708 -0.6104 -0.3967 6.6438 -999.99 -2.0333
11 1954-11-01 6.94 7.4064 7.209 7.4445 7.7808 0.225 -0.3982 6.3168 -999.99 -2.031
12 1954-12-01 8.65 7.4057 8.919 7.443 9.4908 2.0179 -0.3997 6.2325 -999.99 -2.0288
13 1955-01-01 6.22 7.4051 6.489 7.4415 7.0608 -0.0592 -0.4012 5.878 -999.99 -2.0266
14 1955-02-01 7.64 7.4045 7.909 7.44 8.4808 0.4708 -0.4027 6.7665 -999.99 -2.0243
15 1955-03-01 9.3 7.4038 9.569 7.4385 10.1408 0.5705 -0.4042 8.3253 -999.99 -2.0221
16 1955-04-01 9.63 7.4032 9.899 7.437 10.4708 0.2582 -0.4057 8.9661 -999.99 -2.0199
17 1955-05-01 9.26 7.4026 9.529 7.4355 10.1008 0.0883 -0.4072 8.7645 -999.99 -2.0176
18 1955-06-01 7.9 7.402 8.169 7.434 8.7408 -0.9209 -0.4087 8.4122 -999.99 -2.0154
19 1955-07-01 7.07 7.4013 7.339 7.4325 7.9108 -1.6411 -0.4102 8.3009 -999.99 -2.0132
20 1955-08-01 7.27 7.4007 7.539 7.431 8.1108 -0.906 -0.4117 7.7644 -999.99 -2.0109
21 1955-09-01 6.74 7.4001 7.009 7.4295 7.5808 -0.5548 -0.4132 6.8816 -999.99 -2.0087
22 1955-10-01 6.82 7.3995 7.089 7.428 7.6608 -0.2204 -0.4147 6.6258 -999.99 -2.0065
23 1955-11-01 7.51 7.3988 7.779 7.4265 8.3508 0.795 -0.4162 6.2988 -999.99 -2.0042
24 1955-12-01 6.08 7.3982 6.349 7.425 6.9208 -0.5521 -0.4177 6.2145 -999.99 -2.002
25 1956-01-01 6.66 7.3976 6.929 7.4235 7.5008 0.3808 -0.4192 5.86 -999.99 -1.9998
26 1956-02-01 6.91 7.3969 7.179 7.422 7.7508 -0.2592 -0.4207 6.7485 -999.99 -1.9975
27 1956-03-01 9.45 7.3963 9.719 7.4205 10.2908 0.7205 -0.4222 8.3073 -999.99 -1.9953
28 1956-04-01 8.76 7.3957 9.029 7.419 9.6008 -0.6118 -0.4237 8.9481 -999.99 -1.9931
29 1956-05-01 9.41 7.3951 9.679 7.4175 10.2508 0.2383 -0.4252 8.7465 -999.99 -1.9908
30 1956-06-01 7.73 7.3944 7.999 7.416 8.5708 -1.0909 -0.4267 8.3942 -999.99 -1.9886
31 1956-07-01 8.38 7.3938 8.649 7.4145 9.2208 -0.3311 -0.4282 8.2829 -999.99 -1.9864
32 1956-08-01 7.04 7.3932 7.309 7.413 7.8808 -1.136 -0.4297 7.7463 -999.99 -1.9841
33 1956-09-01 6.96 7.3925 7.229 7.4115 7.8008 -0.3348 -0.4312 6.8636 -999.99 -1.9819
34 1956-10-01 7.45 7.3919 7.719 7.41 8.2908 0.4096 -0.4327 6.6078 -999.99 -1.9797
35 1956-11-01 5.16 7.3913 5.429 7.4085 6.0008 -1.555 -0.4342 6.2808 -999.99 -1.9774
36 1956-12-01 6.57 7.3907 6.839 7.407 7.4108 -0.0621 -0.4357 6.1965 -999.99 -1.9752
37 1957-01-01 5.57 7.39 5.839 7.4055 6.4108 -0.7092 -0.4372 5.842 -999.99 -1.973
38 1957-02-01 7.38 7.3894 7.649 7.404 8.2208 0.2108 -0.4387 6.7305 -999.99 -1.9708
39 1957-03-01 8.05 7.3888 8.319 7.4025 8.8908 -0.6795 -0.4402 8.2893 -999.99 -1.9685
40 1957-04-01 7.78 7.3882 8.049 7.401 8.6208 -1.5918 -0.4417 8.9301 -999.99 -1.9663
41 1957-05-01 7.39 7.3875 7.659 7.3995 8.2308 -1.7817 -0.4432 8.7285 -999.99 -1.9641
42 1957-06-01 8 7.3869 8.269 7.398 8.8408 -0.8209 -0.4447 8.3762 -999.99 -1.9618
43 1957-07-01 7.49 7.3863 7.759 7.3965 8.3308 -1.2211 -0.4462 8.2649 -999.99 -1.9596
44 1957-08-01 6.56 7.3856 6.829 7.395 7.4008 -1.616 -0.4477 7.7283 -999.99 -1.9574
45 1957-09-01 6.38 7.385 6.649 7.3935 7.2208 -0.9148 -0.4492 6.8456 -999.99 -1.9551
46 1957-10-01 6.49 7.3844 6.759 7.392 7.3308 -0.5504 -0.4507 6.5898 -999.99 -1.9529
47 1957-11-01 6.16 7.3838 6.429 7.3905 7.0008 -0.555 -0.4522 6.2628 -999.99 -1.9507
48 1957-12-01 9.31 7.3831 9.579 7.389 10.1508 2.6779 -0.4537 6.1785 -999.99 -1.9484
49 1958-01-01 6.67 7.3825 6.939 7.3875 7.5108 0.3908 -0.4552 5.824 -999.99 -1.9462
50 1958-02-01 5.63 7.3819 5.899 7.386 6.4708 -1.5392 -0.4567 6.7125 -999.99 -1.944
51 1958-03-01 7.55 7.3812 7.819 7.3845 8.3908 -1.1795 -0.4582 8.2713 -999.99 -1.9417
52 1958-04-01 8.71 7.3806 8.979 7.383 9.5508 -0.6618 -0.4597 8.9121 -999.99 -1.9395
53 1958-05-01 7.8 7.38 8.069 7.3815 8.6408 -1.3717 -0.4612 8.7105 -999.99 -1.9373
54 1958-06-01 7.13 7.3794 7.399 7.38 7.9708 -1.6909 -0.4627 8.3582 -999.99 -1.935
55 1958-07-01 7.83 7.3787 8.099 7.3785 8.6708 -0.8811 -0.4642 8.2469 -999.99 -1.9328
56 1958-08-01 7.67 7.3781 7.939 7.377 8.5108 -0.506 -0.4657 7.7103 -999.99 -1.9306
57 1958-09-01 7.3 7.3775 7.569 7.3755 8.1408 0.0052 -0.4672 6.8276 -999.99 -1.9283
58 1958-10-01 6.12 7.3768 6.389 7.374 6.9608 -0.9204 -0.4687 6.5718 -999.99 -1.9261
59 1958-11-01 7.22 7.3762 7.489 7.3725 8.0608 0.505 -0.4702 6.2448 -999.99 -1.9239
60 1958-12-01 6.43 7.3756 6.699 7.371 7.2708 -0.2021 -0.4717 6.1604 -999.99 -1.9216
61 1959-01-01 7.37 7.375 7.639 7.3695 8.2108 1.0908 -0.4732 5.806 -999.99 -1.9194
62 1959-02-01 6.9 7.3743 7.169 7.368 7.7408 -0.2692 -0.4747 6.6945 -999.99 -1.9172
63 1959-03-01 8.73 7.3737 8.999 7.3665 9.5708 5e-04 -0.4762 8.2533 -999.99 -1.9149
64 1959-04-01 8.44 7.3731 8.709 7.365 9.2808 -0.9318 -0.4777 8.8941 -999.99 -1.9127
65 1959-05-01 7.8 7.3725 8.069 7.3635 8.6408 -1.3717 -0.4792 8.6925 -999.99 -1.9105
66 1959-06-01 7.81 7.3718 8.079 7.362 8.6508 -1.0109 -0.4807 8.3402 -999.99 -1.9082
67 1959-07-01 8.54 7.3712 8.809 7.3605 9.3808 -0.1711 -0.4822 8.2289 -999.99 -1.906
68 1959-08-01 7.6 7.3706 7.869 7.359 8.4408 -0.576 -0.4837 7.6923 -999.99 -1.9038
69 1959-09-01 6.57 7.3699 6.839 7.3575 7.4108 -0.7248 -0.4852 6.8096 -999.99 -1.9016
70 1959-10-01 5.92 7.3693 6.189 7.356 6.7608 -1.1204 -0.4867 6.5538 -999.99 -1.8993
71 1959-11-01 6.58 7.3687 6.849 7.3545 7.4208 -0.135 -0.4882 6.2268 -999.99 -1.8971
72 1959-12-01 6.4 7.3681 6.669 7.353 7.2408 -0.2321 -0.4897 6.1424 -999.99 -1.8949
73 1960-01-01 5.91 7.3674 6.179 7.3515 6.7508 -0.3692 -0.4912 5.788 -999.99 -1.8926
74 1960-02-01 7.65 7.3668 7.919 7.35 8.4908 0.4808 -0.4927 6.6765 -999.99 -1.8904
75 1960-03-01 7.73 6.2919 9.0732 6.3891 9.5292 -0.9995 -1.4536 7.2759 -999.99 -1.8882
76 1960-04-01 9.52 6.2913 10.8632 6.3876 11.3192 0.1482 -1.4551 7.9167 -999.99 -1.8859
77 1960-05-01 8.15 6.2907 9.4932 6.3861 9.9492 -1.0217 -1.4566 7.7151 -999.99 -1.8837
78 1960-06-01 7.03 6.2901 8.3732 6.3846 8.8292 -1.7909 -1.4581 7.3628 -999.99 -1.8815
79 1960-07-01 7.87 6.2894 9.2132 6.3831 9.6692 -0.8411 -1.4596 7.2515 -999.99 -1.8792
80 1960-08-01 6.83 6.2888 8.1732 6.3816 8.6292 -1.346 -1.4611 6.715 -999.99 -1.877
81 1960-09-01 6.87 6.2882 8.2132 6.3801 8.6692 -0.4248 -1.4626 5.8322 -999.99 -1.8748
82 1960-10-01 7.5 6.2876 8.8432 6.3786 9.2992 0.4596 -1.4641 5.5764 -999.99 -1.8725
83 1960-11-01 5.3 6.2869 6.6432 6.3771 7.0992 -1.415 -1.4656 5.2494 -999.99 -1.8703
84 1960-12-01 2.67 6.2863 4.0132 6.3756 4.4692 -3.9621 -1.4671 5.1651 -999.99 -1.8681
85 1961-01-01 4.76 6.2857 6.1032 6.3741 6.5592 -1.5192 -1.4686 4.8107 -999.99 -1.8658
86 1961-02-01 7.38 6.285 8.7232 6.3726 9.1792 0.2108 -1.4701 5.6992 -999.99 -1.8636
87 1961-03-01 5.93 6.2844 7.2732 6.3711 7.7292 -2.7995 -1.4716 7.2579 -999.99 -1.8614
88 1961-04-01 6.76 6.2838 8.1032 6.3696 8.5592 -2.6118 -1.4731 7.8987 -999.99 -1.8591
89 1961-05-01 6.34 6.2832 7.6832 6.3681 8.1392 -2.8317 -1.4746 7.6971 -999.99 -1.8569
90 1961-06-01 5.98 6.2825 7.3232 6.3666 7.7792 -2.8409 -1.4761 7.3448 -999.99 -1.8547
91 1961-07-01 6.91 6.2819 8.2532 6.3651 8.7092 -1.8011 -1.4776 7.2335 -999.99 -1.8524
92 1961-08-01 6.41 6.2813 7.7532 6.3636 8.2092 -1.766 -1.4791 6.697 -999.99 -1.8502
93 1961-09-01 7 6.2806 8.3432 6.3621 8.7992 -0.2948 -1.4806 5.8142 -999.99 -1.848
94 1961-10-01 6.29 6.28 7.6332 6.3606 8.0892 -0.7504 -1.4821 5.5584 -999.99 -1.8457
95 1961-11-01 7.15 6.2794 8.4932 6.3591 8.9492 0.435 -1.4836 5.2314 -999.99 -1.8435
96 1961-12-01 6.15 6.2788 7.4932 6.3576 7.9492 -0.4821 -1.4851 5.1471 -999.99 -1.8413
97 1962-01-01 4.72 6.2781 6.0632 6.3561 6.5192 -1.5592 -1.4866 4.7926 -999.99 -1.839
98 1962-02-01 4.64 6.2775 5.9832 6.3546 6.4392 -2.5292 -1.4881 5.6811 -999.99 -1.8368
99 1962-03-01 6.6 6.2769 7.9432 6.3531 8.3992 -2.1295 -1.4896 7.2399 -999.99 -1.8346
100 1962-04-01 8.61 6.2763 9.9532 6.3516 10.4092 -0.7618 -1.4911 7.8807 -999.99 -1.8324
101 1962-05-01 7.99 6.2756 9.3332 6.3501 9.7892 -1.1817 -1.4926 7.6791 -999.99 -1.8301
102 1962-06-01 7.7 6.275 9.0432 6.3486 9.4992 -1.1209 -1.4941 7.3268 -999.99 -1.8279
103 1962-07-01 6.7 6.2744 8.0432 6.3471 8.4992 -2.0111 -1.4956 7.2155 -999.99 -1.8257
104 1962-08-01 5.5 6.2737 6.8432 6.3456 7.2992 -2.676 -1.4971 6.679 -999.99 -1.8234
105 1962-09-01 5.41 6.2731 6.7532 6.3441 7.2092 -1.8848 -1.4986 5.7962 -999.99 -1.8212
106 1962-10-01 5.14 6.2725 6.4832 6.3426 6.9392 -1.9004 -1.5001 5.5404 -999.99 -1.819
107 1962-11-01 7.5 6.2719 8.8432 6.3411 9.2992 0.785 -1.5016 5.2134 -999.99 -1.8167
108 1962-12-01 6.15 6.2712 7.4932 6.3396 7.9492 -0.4821 -1.5031 5.1291 -999.99 -1.8145
109 1963-01-01 3.85 6.2706 5.1932 6.3381 5.6492 -2.4292 -1.5046 4.7746 -999.99 -1.8123
110 1963-02-01 5.31 6.27 6.6532 6.3366 7.1092 -1.8592 -1.5061 5.6631 -999.99 -1.81
111 1963-03-01 8.24 6.2693 9.5832 6.3351 10.0392 -0.4895 -1.5076 7.2219 -999.99 -1.8078
112 1963-04-01 6.37 6.2687 7.7132 6.3336 8.1692 -3.0018 -1.5091 7.8627 -999.99 -1.8056
113 1963-05-01 8.06 6.2681 9.4032 6.3321 9.8592 -1.1117 -1.5106 7.6611 -999.99 -1.8033
114 1963-06-01 7.07 6.2675 8.4132 6.3306 8.8692 -1.7509 -1.5121 7.3088 -999.99 -1.8011
115 1963-07-01 6.32 6.2668 7.6632 6.3291 8.1192 -2.3911 -1.5136 7.1975 -999.99 -1.7989
116 1963-08-01 4.99 6.2662 6.3332 6.3276 6.7892 -3.186 -1.5151 6.661 -999.99 -1.7966
117 1963-09-01 4.09 6.2656 5.4332 6.3261 5.8892 -3.2048 -1.5166 5.7782 -999.99 -1.7944
118 1963-10-01 5.68 6.2649 7.0232 6.3246 7.4792 -1.3604 -1.5181 5.5224 -999.99 -1.7922
119 1963-11-01 6.69 6.2643 8.0332 6.3231 8.4892 -0.025 -1.5196 5.1954 -999.99 -1.7899
120 1963-12-01 5.09 6.2637 6.4332 6.3216 6.8892 -1.5421 -1.5211 5.1111 -999.99 -1.7877
121 1964-01-01 8.08 6.2631 9.4232 6.3201 9.8792 1.8008 -1.5226 4.7566 -999.99 -1.7855
122 1964-02-01 6.93 6.2624 8.2732 6.3186 8.7292 -0.2392 -1.5241 5.6451 -999.99 -1.7832
123 1964-03-01 7.33 6.2618 8.6732 6.3171 9.1292 -1.3995 -1.5256 7.2039 -999.99 -1.781
124 1964-04-01 9.02 6.2612 10.3632 6.3156 10.8192 -0.3518 -1.5271 7.8447 -999.99 -1.7788
125 1964-05-01 7.81 6.2606 9.1532 6.3141 9.6092 -1.3617 -1.5286 7.6431 -999.99 -1.7765
126 1964-06-01 5.77 6.2599 7.1132 6.3126 7.5692 -3.0509 -1.5301 7.2908 -999.99 -1.7743
127 1964-07-01 6.94 6.2593 8.2832 6.3111 8.7392 -1.7711 -1.5316 7.1795 -999.99 -1.7721
128 1964-08-01 7.14 6.2587 8.4832 6.3096 8.9392 -1.036 -1.5331 6.643 -999.99 -1.7698
129 1964-09-01 6.68 6.258 8.0232 6.3081 8.4792 -0.6148 -1.5346 5.7602 -999.99 -1.7676
130 1964-10-01 4.58 6.2574 5.9232 6.3066 6.3792 -2.4604 -1.5361 5.5044 -999.99 -1.7654
131 1964-11-01 5.19 6.2568 6.5332 6.3051 6.9892 -1.525 -1.5376 5.1774 -999.99 -1.7631
132 1964-12-01 5.44 6.2562 6.7832 6.3036 7.2392 -1.1921 -1.5391 5.0931 -999.99 -1.7609
133 1965-01-01 3.92 6.2555 5.2632 6.3021 5.7192 -2.3592 -1.5406 4.7386 -999.99 -1.7587
134 1965-02-01 5.46 6.2549 6.8032 6.3006 7.2592 -1.7092 -1.5421 5.6271 -999.99 -1.7565
135 1965-03-01 5.43 6.2543 6.7732 6.2991 7.2292 -3.2995 -1.5436 7.1859 -999.99 -1.7542
136 1965-04-01 6.57 6.2536 7.9132 6.2976 8.3692 -2.8018 -1.5451 7.8267 -999.99 -1.752
137 1965-05-01 7.02 6.253 8.3632 6.2961 8.8192 -2.1517 -1.5466 7.6251 -999.99 -1.7498
138 1965-06-01 7.57 6.2524 8.9132 6.2946 9.3692 -1.2509 -1.5481 7.2728 -999.99 -1.7475
139 1965-07-01 5.93 6.2518 7.2732 6.2931 7.7292 -2.7811 -1.5496 7.1615 -999.99 -1.7453
140 1965-08-01 4.36 5.5313 6.423 5.5796 6.8721 -3.816 -2.2631 5.913 -999.99 -1.7431
141 1965-09-01 3.61 5.5306 5.673 5.5781 6.1221 -3.6848 -2.2646 5.0302 -999.99 -1.7408
142 1965-10-01 4.64 5.53 6.703 5.5766 7.1521 -2.4004 -2.2661 4.7744 -999.99 -1.7386
143 1965-11-01 2.84 5.5294 4.903 5.5751 5.3521 -3.875 -2.2676 4.4474 -999.99 -1.7364
144 1965-12-01 5.16 5.5288 7.223 5.5736 7.6721 -1.4721 -2.2691 4.3631 -999.99 -1.7341
145 1966-01-01 4.11 5.5281 6.173 5.5721 6.6221 -2.1692 -2.2706 4.0087 -999.99 -1.7319
146 1966-02-01 4.39 5.5275 6.453 5.5706 6.9021 -2.7792 -2.2721 4.8972 -999.99 -1.7297
147 1966-03-01 7.33 5.5269 9.393 5.5691 9.8421 -1.3995 -2.2736 6.4559 -999.99 -1.7274
148 1966-04-01 6.87 5.5262 8.933 5.5676 9.3821 -2.5018 -2.2751 7.0967 -999.99 -1.7252
149 1966-05-01 7.38 5.5256 9.443 5.5661 9.8921 -1.7917 -2.2766 6.8951 -999.99 -1.723
150 1966-06-01 5.55 5.525 7.613 5.5646 8.0621 -3.2709 -2.2781 6.5428 -999.99 -1.7207
151 1966-07-01 4.88 5.5244 6.943 5.5631 7.3921 -3.8311 -2.2796 6.4315 -999.99 -1.7185
152 1966-08-01 6.31 5.5237 8.373 5.5616 8.8221 -1.866 -2.2811 5.895 -999.99 -1.7163
153 1966-09-01 3.21 5.5231 5.273 5.5601 5.7221 -4.0848 -2.2826 5.0122 -999.99 -1.714
154 1966-10-01 4.29 5.5225 6.353 5.5586 6.8021 -2.7504 -2.2841 4.7564 -999.99 -1.7118
155 1966-11-01 4.42 5.5219 6.483 5.5571 6.9321 -2.295 -2.2856 4.4294 -999.99 -1.7096
156 1966-12-01 5.87 5.5212 7.933 5.5556 8.3821 -0.7621 -2.2871 4.3451 -999.99 -1.7073
157 1967-01-01 5.7 5.5206 7.763 5.5541 8.2121 -0.5792 -2.2886 3.9906 -999.99 -1.7051
158 1967-02-01 4.11 5.52 6.173 5.5526 6.6221 -3.0592 -2.2901 4.8791 -999.99 -1.7029
159 1967-03-01 6.27 5.5193 8.333 5.5511 8.7821 -2.4595 -2.2916 6.4379 -999.99 -1.7006
160 1967-04-01 5.92 5.5187 7.983 5.5496 8.4321 -3.4518 -2.2931 7.0787 -999.99 -1.6984
161 1967-05-01 4.43 5.5181 6.493 5.5481 6.9421 -4.7417 -2.2946 6.8771 -999.99 -1.6962
162 1967-06-01 4.79 5.5175 6.853 5.5466 7.3021 -4.0309 -2.2961 6.5248 -999.99 -1.6939
163 1967-07-01 5.37 5.5168 7.433 5.5451 7.8821 -3.3411 -2.2976 6.4135 -999.99 -1.6917
164 1967-08-01 4.27 5.5162 6.333 5.5436 6.7821 -3.906 -2.2991 5.877 -999.99 -1.6895
165 1967-09-01 3.37 5.5156 5.433 5.5421 5.8821 -3.9248 -2.3006 4.9942 -999.99 -1.6873
166 1967-10-01 5.61 5.5149 7.673 5.5406 8.1221 -1.4304 -2.3021 4.7384 -999.99 -1.685
167 1967-11-01 3.79 5.5143 5.853 5.5391 6.3021 -2.925 -2.3036 4.4114 -999.99 -1.6828
168 1967-12-01 5.94 5.5137 8.003 5.5376 8.4521 -0.6921 -2.3051 4.3271 -999.99 -1.6806
169 1968-01-01 6.48 5.5131 8.543 5.5361 8.9921 0.2008 -2.3066 3.9726 -999.99 -1.6783
170 1968-02-01 4.13 5.5124 6.193 5.5346 6.6421 -3.0392 -2.3081 4.8611 -999.99 -1.6761
171 1968-03-01 5.88 5.5118 7.943 5.5331 8.3921 -2.8495 -2.3096 6.4199 -999.99 -1.6739
172 1968-04-01 8.46 5.5112 10.523 5.5316 10.9721 -0.9118 -2.3111 7.0607 -999.99 -1.6716
173 1968-05-01 6.4 5.5106 8.463 5.5301 8.9121 -2.7717 -2.3126 6.8591 -999.99 -1.6694
174 1968-06-01 7.06 5.5099 9.123 5.5286 9.5721 -1.7609 -2.3141 6.5068 -999.99 -1.6672
175 1968-07-01 6.99 5.5093 9.053 5.5271 9.5021 -1.7211 -2.3156 6.3955 -999.99 -1.6649
176 1968-08-01 5.47 5.5087 7.533 5.5256 7.9821 -2.706 -2.3171 5.859 -999.99 -1.6627
177 1968-09-01 5.62 5.508 7.683 5.5241 8.1321 -1.6748 -2.3186 4.9762 -999.99 -1.6605
178 1968-10-01 6.08 5.5074 8.143 5.5226 8.5921 -0.9604 -2.3201 4.7204 -999.99 -1.6582
179 1968-11-01 4.41 5.5068 6.473 5.5211 6.9221 -2.305 -2.3216 4.3934 -999.99 -1.656
180 1968-12-01 4.49 5.5062 6.553 5.5196 7.0021 -2.1421 -2.3231 4.3091 -999.99 -1.6538
181 1969-01-01 3.88 5.5055 5.943 5.5181 6.3921 -2.3992 -2.3246 3.9546 -999.99 -1.6515
182 1969-02-01 4.97 5.5049 7.033 5.5166 7.4821 -2.1992 -2.3261 4.8431 -999.99 -1.6493
183 1969-03-01 6.24 5.5043 8.303 5.5151 8.7521 -2.4895 -2.3276 6.4019 -999.99 -1.6471
184 1969-04-01 7.57 5.5036 9.633 5.5136 10.0821 -1.8018 -2.3291 7.0427 -999.99 -1.6448
185 1969-05-01 7.6 5.503 9.663 5.5121 10.1121 -1.5717 -2.3306 6.8411 -999.99 -1.6426
186 1969-06-01 5.7 5.5024 7.763 5.5106 8.2121 -3.1209 -2.3321 6.4888 -999.99 -1.6404
187 1969-07-01 6.77 5.5018 8.833 5.5091 9.2821 -1.9411 -2.3336 6.3775 -999.99 -1.6381
188 1969-08-01 6.71 5.5011 8.773 5.5076 9.2221 -1.466 -2.3351 5.841 -999.99 -1.6359
189 1969-09-01 5.21 5.5005 7.273 5.5061 7.7221 -2.0848 -2.3366 4.9582 -999.99 -1.6337
190 1969-10-01 3.56 5.4999 5.623 5.5046 6.0721 -3.4804 -2.3381 4.7024 -999.99 -1.6314
191 1969-11-01 4.06 5.4992 6.123 5.5031 6.5721 -2.655 -2.3396 4.3754 -999.99 -1.6292
192 1969-12-01 3.2 5.4986 5.263 5.5016 5.7121 -3.4321 -2.3411 4.2911 -999.99 -1.627
193 1970-01-01 3.03 5.498 5.093 5.5001 5.5421 -3.2492 -2.3426 3.9366 -999.99 -1.6247
194 1970-02-01 3.29 5.4974 5.353 5.4986 5.8021 -3.8792 -2.3441 4.8251 -999.99 -1.6225
195 1970-03-01 7.15 5.4967 9.213 5.4971 9.6621 -1.5795 -2.3456 6.3839 -999.99 -1.6203
196 1970-04-01 8.76 5.4961 10.823 5.4956 11.2721 -0.6118 -2.3471 7.0247 -999.99 -1.618
197 1970-05-01 6.75 5.4955 8.813 5.4941 9.2621 -2.4217 -2.3486 6.8231 -999.99 -1.6158
198 1970-06-01 7.46 5.4949 9.523 5.4926 9.9721 -1.3609 -2.3501 6.4708 -999.99 -1.6136
199 1970-07-01 6.09 5.4942 8.153 5.4911 8.6021 -2.6211 -2.3516 6.3595 -999.99 -1.6114
200 1970-08-01 5.97 5.4936 8.033 5.4896 8.4821 -2.206 -2.3531 5.8229 -999.99 -1.6091
201 1970-09-01 6.27 5.493 8.333 5.4881 8.7821 -1.0248 -2.3546 4.9402 -999.99 -1.6069
202 1970-10-01 4.74 5.4923 6.803 5.4866 7.2521 -2.3004 -2.3561 4.6844 -999.99 -1.6047
203 1970-11-01 4.16 5.4917 6.223 5.4851 6.6721 -2.555 -2.3576 4.3574 -999.99 -1.6024
204 1970-12-01 6.51 5.4911 8.573 5.4836 9.0221 -0.1221 -2.3591 4.2731 -999.99 -1.6002
205 1971-01-01 3.33 5.4905 5.393 5.4821 5.8421 -2.9492 -2.3606 3.9186 -999.99 -1.598
206 1971-02-01 6.35 5.4898 8.413 5.4806 8.8621 -0.8192 -2.3621 4.8071 -999.99 -1.5957
207 1971-03-01 8.56 5.4892 10.623 5.4791 11.0721 -0.1695 -2.3636 6.3659 -999.99 -1.5935
208 1971-04-01 7.95 5.4886 10.013 5.4776 10.4621 -1.4218 -2.3651 7.0067 -999.99 -1.5913
209 1971-05-01 7.54 5.4879 9.603 5.4761 10.0521 -1.6317 -2.3666 6.8051 -999.99 -1.589
210 1971-06-01 5.78 5.4873 7.843 5.4746 8.2921 -3.0409 -2.3681 6.4528 -999.99 -1.5868
211 1971-07-01 5.85 5.4867 7.913 5.4731 8.3621 -2.8611 -2.3696 6.3415 -999.99 -1.5846
212 1971-08-01 6.15 5.4861 8.213 5.4716 8.6621 -2.026 -2.3711 5.8049 -999.99 -1.5823
213 1971-09-01 4.47 5.4854 6.533 5.4701 6.9821 -2.8248 -2.3726 4.9222 -999.99 -1.5801
214 1971-10-01 5.59 5.4848 7.653 5.4686 8.1021 -1.4504 -2.3741 4.6664 -999.99 -1.5779
215 1971-11-01 5.14 5.4842 7.203 5.4671 7.6521 -1.575 -2.3756 4.3394 -999.99 -1.5756
216 1971-12-01 4.19 5.4836 6.253 5.4656 6.7021 -2.4421 -2.3771 4.2551 -999.99 -1.5734
217 1972-01-01 4.51 5.4829 6.573 5.4641 7.0221 -1.7692 -2.3786 3.9006 -999.99 -1.5712
218 1972-02-01 4.75 5.4823 6.813 5.4626 7.2621 -2.4192 -2.3801 4.7891 -999.99 -1.5689
219 1972-03-01 5.65 5.4817 7.713 5.4611 8.1621 -3.0795 -2.3816 6.3479 -999.99 -1.5667
220 1972-04-01 8.74 5.481 10.803 5.4596 11.2521 -0.6318 -2.3831 6.9887 -999.99 -1.5645
221 1972-05-01 6.81 5.4804 8.873 5.4581 9.3221 -2.3617 -2.3846 6.7871 -999.99 -1.5622
222 1972-06-01 4.89 5.4798 6.953 5.4566 7.4021 -3.9309 -2.3861 6.4348 -999.99 -1.56
223 1972-07-01 8 5.4792 10.063 5.4551 10.5121 -0.7111 -2.3876 6.3235 -999.99 -1.5578
224 1972-08-01 5.36 5.4785 7.423 5.4536 7.8721 -2.816 -2.3891 5.7869 -999.99 -1.5555
225 1972-09-01 4.52 5.4779 6.583 5.4521 7.0321 -2.7748 -2.3906 4.9042 -999.99 -1.5533
226 1972-10-01 3.81 5.4773 5.873 5.4506 6.3221 -3.2304 -2.3921 4.6484 -999.99 -1.5511
227 1972-11-01 3.45 5.4766 5.513 5.4491 5.9621 -3.265 -2.3936 4.3214 -999.99 -1.5488
228 1972-12-01 4 5.476 6.063 5.4476 6.5121 -2.6321 -2.3951 4.237 -999.99 -1.5466
229 1973-01-01 4.68 5.4754 6.743 5.4461 7.1921 -1.5992 -2.3966 3.8826 -999.99 -1.5444
230 1973-02-01 3.45 5.4748 5.513 5.4446 5.9621 -3.7192 -2.3981 4.7711 -999.99 -1.5422
231 1973-03-01 7.2 5.4741 9.263 5.4431 9.7121 -1.5295 -2.3996 6.3299 -999.99 -1.5399
232 1973-04-01 6.34 5.4735 8.403 5.4416 8.8521 -3.0318 -2.4011 6.9707 -999.99 -1.5377
233 1973-05-01 8.02 5.4729 10.083 5.4401 10.5321 -1.1517 -2.4026 6.7691 -999.99 -1.5355
234 1973-06-01 7.32 5.4722 9.383 5.4386 9.8321 -1.5009 -2.4041 6.4168 -999.99 -1.5332
235 1973-07-01 8.24 5.4716 10.303 5.4371 10.7521 -0.4711 -2.4056 6.3055 -999.99 -1.531
236 1973-08-01 6.54 5.471 8.603 5.4356 9.0521 -1.636 -2.4071 5.7689 -999.99 -1.5288
237 1973-09-01 5.28 5.4704 7.343 5.4341 7.7921 -2.0148 -2.4086 4.8862 -999.99 -1.5265
238 1973-10-01 4.48 5.4697 6.543 5.4326 6.9921 -2.5604 -2.4101 4.6304 -999.99 -1.5243
239 1973-11-01 5.18 5.4691 7.243 5.4311 7.6921 -1.535 -2.4116 4.3034 -999.99 -1.5221
240 1973-12-01 5.38 5.4685 7.443 5.4296 7.8921 -1.2521 -2.4131 4.219 -999.99 -1.5198
241 1974-01-01 4.25 5.4679 6.313 5.4281 6.7621 -2.0292 -2.4146 3.8646 -999.99 -1.5176
242 1974-02-01 5.77 5.4672 7.833 5.4266 8.2821 -1.3992 -2.4161 4.7531 -999.99 -1.5154
243 1974-03-01 5.51 5.4666 7.573 5.4251 8.0221 -3.2195 -2.4176 6.3119 -999.99 -1.5131
244 1974-04-01 5.7 5.466 7.763 5.4236 8.2121 -3.6718 -2.4191 6.9527 -999.99 -1.5109
245 1974-05-01 5.56 5.4653 7.623 5.4221 8.0721 -3.6117 -2.4206 6.7511 -999.99 -1.5087
246 1974-06-01 6.13 5.4647 8.193 5.4206 8.6421 -2.6909 -2.4221 6.3988 -999.99 -1.5064
247 1974-07-01 4.6 5.4641 6.663 5.4191 7.1121 -4.1111 -2.4236 6.2875 -999.99 -1.5042
248 1974-08-01 4.81 5.4635 6.873 5.4175 7.3221 -3.366 -2.4251 5.7509 -999.99 -1.502
249 1974-09-01 3.76 5.4628 5.823 5.416 6.2721 -3.5348 -2.4266 4.8682 -999.99 -1.4997
250 1974-10-01 2.36 5.4622 4.423 5.4145 4.8721 -4.6804 -2.4281 4.6124 -999.99 -1.4975
251 1974-11-01 2.85 5.4616 4.913 5.413 5.3621 -3.865 -2.4296 4.2854 -999.99 -1.4953
252 1974-12-01 3.26 5.4609 5.323 5.4115 5.7721 -3.3721 -2.4311 4.201 -999.99 -1.493
253 1975-01-01 3.02 5.4603 5.083 5.41 5.5321 -3.2592 -2.4326 3.8466 -999.99 -1.4908
254 1975-02-01 2.48 5.4597 4.543 5.4085 4.9921 -4.6892 -2.4341 4.7351 -999.99 -1.4886
255 1975-03-01 6.5 5.4591 8.563 5.407 9.0121 -2.2295 -2.4356 6.2939 -999.99 -1.4863
256 1975-04-01 5.21 5.4584 7.273 5.4055 7.7221 -4.1618 -2.4371 6.9347 -999.99 -1.4841
257 1975-05-01 6.34 5.4578 8.403 5.404 8.8521 -2.8317 -2.4386 6.7331 -999.99 -1.4819
258 1975-06-01 5.38 5.4572 7.443 5.4025 7.8921 -3.4409 -2.4401 6.3808 -999.99 -1.4796
259 1975-07-01 5.04 5.4566 7.103 5.401 7.5521 -3.6711 -2.4416 6.2695 -999.99 -1.4774
260 1975-08-01 4.85 5.4559 6.913 5.3995 7.3621 -3.326 -2.4431 5.7329 -999.99 -1.4752
261 1975-09-01 3.75 5.4553 5.813 5.398 6.2621 -3.5448 -2.4446 4.8502 -999.99 -1.4729
262 1975-10-01 5.5 5.4547 7.563 5.3965 8.0121 -1.5404 -2.4461 4.5943 -999.99 -1.4707
263 1975-11-01 5.47 5.454 7.533 5.395 7.9821 -1.245 -2.4476 4.2674 -999.99 -1.4685
264 1975-12-01 4.3 5.4534 6.363 5.3935 6.8121 -2.3321 -2.4491 4.183 -999.99 -1.4663
265 1976-01-01 4.22 5.4528 6.283 5.392 6.7321 -2.0592 -2.4506 3.8286 -999.99 -1.464
266 1976-02-01 7.01 5.4522 9.073 5.3905 9.5221 -0.1592 -2.4521 4.7171 -999.99 -1.4618
267 1976-03-01 8.32 5.4515 10.383 5.389 10.8321 -0.4095 -2.4536 6.2759 -999.99 -1.4596
268 1976-04-01 8 5.4509 10.063 5.3875 10.5121 -1.3718 -2.4551 6.9167 -999.99 -1.4573
269 1976-05-01 8.65 5.4503 10.713 5.386 11.1621 -0.5217 -2.4566 6.7151 -999.99 -1.4551
270 1976-06-01 8.05 5.4496 10.113 5.3845 10.5621 -0.7709 -2.4581 6.3628 -999.99 -1.4529
271 1976-07-01 7.17 5.449 9.233 5.383 9.6821 -1.5411 -2.4596 6.2515 -999.99 -1.4506
272 1976-08-01 4.53 5.4484 6.593 5.3815 7.0421 -3.646 -2.4611 5.7149 -999.99 -1.4484
273 1976-09-01 4.03 5.4478 6.093 5.38 6.5421 -3.2648 -2.4626 4.8322 -999.99 -1.4462
274 1976-10-01 3.92 5.4471 5.983 5.3785 6.4321 -3.1204 -2.4641 4.5763 -999.99 -1.4439
275 1976-11-01 2.25 5.4465 4.313 5.377 4.7621 -4.465 -2.4656 4.2494 -999.99 -1.4417
276 1976-12-01 3.61 5.4459 5.673 5.3755 6.1221 -3.0221 -2.4671 4.165 -999.99 -1.4395
277 1977-01-01 2.3 5.4453 4.363 5.374 4.8121 -3.9792 -2.4686 3.8106 -999.99 -1.4372
278 1977-02-01 4.78 5.4446 6.843 5.3725 7.2921 -2.3892 -2.4701 4.6991 -999.99 -1.435
279 1977-03-01 9.77 5.444 11.833 5.371 12.2821 1.0405 -2.4716 6.2579 -999.99 -1.4328
280 1977-04-01 7.43 5.4434 9.493 5.3695 9.9421 -1.9418 -2.4731 6.8987 -999.99 -1.4305
281 1977-05-01 7.36 5.4427 9.423 5.368 9.8721 -1.8117 -2.4746 6.6971 -999.99 -1.4283
282 1977-06-01 7.83 5.4421 9.893 5.3665 10.3421 -0.9909 -2.4761 6.3448 -999.99 -1.4261
283 1977-07-01 6.98 5.4415 9.043 5.365 9.4921 -1.7311 -2.4776 6.2335 -999.99 -1.4238
284 1977-08-01 6.79 5.4409 8.853 5.3635 9.3021 -1.386 -2.4791 5.6969 -999.99 -1.4216
285 1977-09-01 5.12 5.4402 7.183 5.362 7.6321 -2.1748 -2.4806 4.8142 -999.99 -1.4194
286 1977-10-01 5.29 5.4396 7.353 5.3605 7.8021 -1.7504 -2.4821 4.5583 -999.99 -1.4171
287 1977-11-01 5.47 5.439 7.533 5.359 7.9821 -1.245 -2.4836 4.2314 -999.99 -1.4149
288 1977-12-01 2.69 5.4383 4.753 5.3575 5.2021 -3.9421 -2.4851 4.147 -999.99 -1.4127
289 1978-01-01 1.42 5.4377 3.483 5.356 3.9321 -4.8592 -2.4866 3.7926 -999.99 -1.4104
290 1978-02-01 3.63 5.4371 5.693 5.3545 6.1421 -3.5392 -2.4881 4.6811 -999.99 -1.4082
291 1978-03-01 5.36 5.4365 7.423 5.353 7.8721 -3.3695 -2.4896 6.2399 -999.99 -1.406
292 1978-04-01 6.74 5.4358 8.803 5.3515 9.2521 -2.6318 -2.4911 6.8807 -999.99 -1.4037
293 1978-05-01 8.61 5.4352 10.673 5.35 11.1221 -0.5617 -2.4926 6.6791 -999.99 -1.4015
294 1978-06-01 6.68 5.4346 8.743 5.3485 9.1921 -2.1409 -2.4941 6.3268 -999.99 -1.3993
295 1978-07-01 6.36 5.4339 8.423 5.347 8.8721 -2.3511 -2.4956 6.2155 -999.99 -1.3971
296 1978-08-01 6.38 5.4333 8.443 5.3455 8.8921 -1.796 -2.4971 5.6789 -999.99 -1.3948
297 1978-09-01 5.16 5.4327 7.223 5.344 7.6721 -2.1348 -2.4986 4.7962 -999.99 -1.3926
298 1978-10-01 4.52 5.4321 6.583 5.3425 7.0321 -2.5204 -2.5001 4.5403 -999.99 -1.3904
299 1978-11-01 3.63 5.4314 5.693 5.341 6.1421 -3.085 -2.5016 4.2134 -999.99 -1.3881
300 1978-12-01 6.1 5.4308 8.163 5.3395 8.6121 -0.5321 -2.5031 4.129 -999.99 -1.3859
301 1979-01-01 2.76 5.4302 4.823 5.338 5.2721 -3.5192 -2.5046 3.7746 -999.99 -1.3837
302 1979-02-01 6.4 5.4296 8.463 5.3365 8.9121 -0.7692 -2.5061 4.6631 -999.99 -1.3814
303 1979-03-01 5.88 5.4289 7.943 5.335 8.3921 -2.8495 -2.5076 6.2219 -999.99 -1.3792
304 1979-04-01 6.32 5.4283 8.383 5.3335 8.8321 -3.0518 -2.5091 6.8627 -999.99 -1.377
305 1979-05-01 6.61 5.4277 8.673 5.332 9.1221 -2.5617 -2.5106 6.6611 -999.99 -1.3747
306 1979-06-01 6.52 5.427 8.583 5.3305 9.0321 -2.3009 -2.5121 6.3088 -999.99 -1.3725
307 1979-07-01 6.05 5.4264 8.113 5.329 8.5621 -2.6611 -2.5136 6.1975 -999.99 -1.3703
308 1979-08-01 4.95 5.4258 7.013 5.3275 7.4621 -3.226 -2.5151 5.6609 -999.99 -1.368
309 1979-09-01 4.77 5.4252 6.833 5.326 7.2821 -2.5248 -2.5166 4.7782 -999.99 -1.3658
-999.99 1979-10-01 -999.99 -999.99 -999.99 -999.99 -999.99 -999.99 -999.99 -999.99 -999.99 -999.99
311 1979-11-01 2.13 5.4239 4.193 5.323 4.6421 -4.585 -2.5196 4.1954 -999.99 -1.3613
312 1979-12-01 4.97 5.4233 7.033 5.3215 7.4821 -1.6621 -2.5211 4.111 -999.99 -1.3591
313 1980-01-01 4.44 5.4226 6.503 5.32 6.9521 -1.8392 -2.5226 3.7566 -999.99 -1.3569
314 1980-02-01 3.37 5.422 5.433 5.3185 5.8821 -3.7992 -2.5241 4.6451 -999.99 -1.3546
315 1980-03-01 6.53 5.4214 8.593 5.317 9.0421 -2.1995 -2.5256 6.2039 -999.99 -1.3524
316 1980-04-01 7.04 4.1105 10.4133 4.2894 10.579 -2.3318 -3.5533 5.8185 -999.99 -1.3502
317 1980-05-01 6.28 4.1099 9.6533 4.2879 9.819 -2.8917 -3.5548 5.6169 -999.99 -1.3479
318 1980-06-01 3.52 4.1093 6.8933 4.2864 7.059 -5.3009 -3.5563 5.2646 -999.99 -1.3457
319 1980-07-01 4.35 4.1086 7.7233 4.2849 7.889 -4.3611 -3.5578 5.1533 -999.99 -1.3435
320 1980-08-01 5.05 4.108 8.4233 4.2834 8.589 -3.126 -3.5593 4.6167 -999.99 -1.3412
321 1980-09-01 3.99 4.1074 7.3633 4.2819 7.529 -3.3048 -3.5608 3.734 -999.99 -1.339
322 1980-10-01 2.99 4.1068 6.3633 4.2804 6.529 -4.0504 -3.5623 3.4782 -999.99 -1.3368
323 1980-11-01 4.12 4.1061 7.4933 4.2789 7.659 -2.595 -3.5638 3.1512 -999.99 -1.3345
324 1980-12-01 2.83 4.1055 6.2033 4.2774 6.369 -3.8021 -3.5653 3.0669 -999.99 -1.3323
325 1981-01-01 1.06 4.1049 4.4333 4.2759 4.599 -5.2192 -3.5668 2.7124 -999.99 -1.3301
326 1981-02-01 3.72 4.1042 7.0933 4.2744 7.259 -3.4492 -3.5683 3.6009 -999.99 -1.3279
327 1981-03-01 4.27 4.1036 7.6433 4.2729 7.809 -4.4595 -3.5698 5.1597 -999.99 -1.3256
328 1981-04-01 6.57 4.103 9.9433 4.2714 10.109 -2.8018 -3.5713 5.8005 -999.99 -1.3234
329 1981-05-01 4.06 4.1024 7.4333 4.2699 7.599 -5.1117 -3.5728 5.5989 -999.99 -1.3212
330 1981-06-01 5.38 4.1017 8.7533 4.2684 8.919 -3.4409 -3.5743 5.2466 -999.99 -1.3189
331 1981-07-01 4.92 4.1011 8.2933 4.2669 8.459 -3.7911 -3.5758 5.1353 -999.99 -1.3167
332 1981-08-01 5.01 4.1005 8.3833 4.2654 8.549 -3.166 -3.5773 4.5987 -999.99 -1.3145
333 1981-09-01 4.2 4.0998 7.5733 4.2639 7.739 -3.0948 -3.5788 3.716 -999.99 -1.3122
334 1981-10-01 4.27 4.0992 7.6433 4.2624 7.809 -2.7704 -3.5803 3.4602 -999.99 -1.31
335 1981-11-01 3.7 4.0986 7.0733 4.2609 7.239 -3.015 -3.5818 3.1332 -999.99 -1.3078
336 1981-12-01 3.01 4.098 6.3833 4.2594 6.549 -3.6221 -3.5833 3.0489 -999.99 -1.3055
337 1982-01-01 2.84 4.0973 6.2133 4.2579 6.379 -3.4392 -3.5848 2.6944 -999.99 -1.3033
338 1982-02-01 5.01 4.0967 8.3833 4.2564 8.549 -2.1592 -3.5863 3.5829 -999.99 -1.3011
339 1982-03-01 4.53 4.0961 7.9033 4.2549 8.069 -4.1995 -3.5878 5.1417 -999.99 -1.2988
340 1982-04-01 6.47 4.0955 9.8433 4.2534 10.009 -2.9018 -3.5893 5.7825 -999.99 -1.2966
341 1982-05-01 5.8 4.0948 9.1733 4.2519 9.339 -3.3717 -3.5908 5.5809 -999.99 -1.2944
342 1982-06-01 4.84 4.0942 8.2133 4.2504 8.379 -3.9809 -3.5923 5.2286 -999.99 -1.2921
343 1982-07-01 4.39 4.0936 7.7633 4.2489 7.929 -4.3211 -3.5938 5.1173 -999.99 -1.2899
344 1982-08-01 4.6 4.0929 7.9733 4.2474 8.139 -3.576 -3.5953 4.5807 -999.99 -1.2877
345 1982-09-01 4.09 5.4179 6.1377 5.2893 6.5858 -3.2048 -2.5534 4.7414 -999.99 -1.2854
346 1982-10-01 5.72 5.4172 7.7677 5.2878 8.2158 -1.3204 -2.5549 4.4856 -999.99 -1.2832
347 1982-11-01 3.28 5.4166 5.3277 5.2863 5.7758 -3.435 -2.5564 4.1586 -999.99 -1.281
348 1982-12-01 5.5 5.416 7.5477 5.2848 7.9958 -1.1321 -2.5579 4.0743 -999.99 -1.2787
349 1983-01-01 4.54 5.4153 6.5877 5.2833 7.0358 -1.7392 -2.5594 3.7199 -999.99 -1.2765
350 1983-02-01 5.27 5.4147 7.3177 5.2818 7.7658 -1.8992 -2.5609 4.6084 -999.99 -1.2743
351 1983-03-01 5.64 5.4141 7.6877 5.2803 8.1358 -3.0895 -2.5624 6.1671 -999.99 -1.272
352 1983-04-01 4.95 5.4135 6.9977 5.2788 7.4458 -4.4218 -2.5639 6.8079 -999.99 -1.2698
353 1983-05-01 5.36 5.4128 7.4077 5.2773 7.8558 -3.8117 -2.5654 6.6063 -999.99 -1.2676
354 1983-06-01 5.01 5.4122 7.0577 5.2758 7.5058 -3.8109 -2.5669 6.254 -999.99 -1.2653
355 1983-07-01 5.25 5.4116 7.2977 5.2743 7.7458 -3.4611 -2.5684 6.1427 -999.99 -1.2631
356 1983-08-01 5.49 5.4109 7.5377 5.2728 7.9858 -2.686 -2.5699 5.6062 -999.99 -1.2609
357 1983-09-01 4.64 5.4103 6.6877 5.2713 7.1358 -2.6548 -2.5714 4.7234 -999.99 -1.2586
358 1983-10-01 3.13 5.4097 5.1777 5.2698 5.6258 -3.9104 -2.5729 4.4676 -999.99 -1.2564
359 1983-11-01 5.62 5.4091 7.6677 5.2683 8.1158 -1.095 -2.5744 4.1406 -999.99 -1.2542
360 1983-12-01 3.34 5.4084 5.3877 5.2668 5.8358 -3.2921 -2.5759 4.0563 -999.99 -1.252
361 1984-01-01 3.18 5.4078 5.2277 5.2653 5.6758 -3.0992 -2.5774 3.7018 -999.99 -1.2497
362 1984-02-01 6.88 5.4072 8.9277 5.2638 9.3758 -0.2892 -2.5789 4.5903 -999.99 -1.2475
363 1984-03-01 5.71 5.4065 7.7577 5.2623 8.2058 -3.0195 -2.5804 6.1491 -999.99 -1.2453
364 1984-04-01 9.49 5.4059 11.5377 5.2608 11.9858 0.1182 -2.5819 6.7899 -999.99 -1.243
365 1984-05-01 6.66 5.4053 8.7077 5.2593 9.1558 -2.5117 -2.5834 6.5883 -999.99 -1.2408
366 1984-06-01 5.61 5.4047 7.6577 5.2578 8.1058 -3.2109 -2.5849 6.236 -999.99 -1.2386
367 1984-07-01 6.05 5.404 8.0977 5.2563 8.5458 -2.6611 -2.5864 6.1247 -999.99 -1.2363
368 1984-08-01 5.17 5.4034 7.2177 5.2548 7.6658 -3.006 -2.5879 5.5882 -999.99 -1.2341
369 1984-09-01 6.09 5.4028 8.1377 5.2533 8.5858 -1.2048 -2.5894 4.7054 -999.99 -1.2319
370 1984-10-01 6.22 5.4022 8.2677 5.2518 8.7158 -0.8204 -2.5909 4.4496 -999.99 -1.2296
371 1984-11-01 4.81 5.4015 6.8577 5.2503 7.3058 -1.905 -2.5924 4.1226 -999.99 -1.2274
372 1984-12-01 3.41 5.4009 5.4577 5.2488 5.9058 -3.2221 -2.5939 4.0383 -999.99 -1.2252
373 1985-01-01 1.85 5.4003 3.8977 5.2473 4.3458 -4.4292 -2.5954 3.6838 -999.99 -1.2229
374 1985-02-01 4.14 5.3996 6.1877 5.2458 6.6358 -3.0292 -2.5969 4.5723 -999.99 -1.2207
375 1985-03-01 7.82 7.5933 7.6734 7.6008 7.9595 -0.9095 -0.2419 8.4876 -999.99 -1.2185
376 1985-04-01 7.99 7.5927 7.8434 7.5993 8.1295 -1.3818 -0.2434 9.1284 -999.99 -1.2162
377 1985-05-01 8.23 7.5921 8.0834 7.5978 8.3695 -0.9417 -0.2449 8.9268 -999.99 -1.214
378 1985-06-01 10.31 7.5914 10.1634 7.5963 10.4495 1.4891 -0.2464 8.5745 -999.99 -1.2118
379 1985-07-01 9.21 7.5908 9.0634 7.5948 9.3495 0.4989 -0.2479 8.4632 -999.99 -1.2095
380 1985-08-01 9 7.5902 8.8534 7.5933 9.1395 0.824 -0.2494 7.9266 -999.99 -1.2073
381 1985-09-01 6.81 7.5896 6.6634 7.5918 6.9495 -0.4848 -0.2509 7.0439 -999.99 -1.2051
382 1985-10-01 8.04 7.5889 7.8934 7.5903 8.1795 0.9996 -0.2524 6.7881 -999.99 -1.2028
383 1985-11-01 4.39 7.5883 4.2434 7.5888 4.5295 -2.325 -0.2539 6.4611 -999.99 -1.2006
384 1985-12-01 1.77 6.0312 3.1799 5.9231 3.574 -4.8621 -1.9195 4.7126 -999.99 -1.1984
385 1986-01-01 4.61 6.0306 6.0199 5.9216 6.414 -1.6692 -1.921 4.3582 -999.99 -1.1961
386 1986-02-01 4.07 6.0299 5.4799 5.9201 5.874 -3.0992 -1.9225 5.2467 -999.99 -1.1939
387 1986-03-01 5.96 6.0293 7.3699 5.9186 7.764 -2.7695 -1.924 6.8055 -999.99 -1.1917
388 1986-04-01 6.95 6.0287 8.3599 5.9171 8.754 -2.4218 -1.9255 7.4463 -999.99 -1.1894
389 1986-05-01 7.12 6.0281 8.5299 5.9156 8.924 -2.0517 -1.927 7.2447 -999.99 -1.1872
390 1986-06-01 7.12 6.0274 8.5299 5.9141 8.924 -1.7009 -1.9285 6.8924 -999.99 -1.185
391 1986-07-01 6.87 6.0268 8.2799 5.9126 8.674 -1.8411 -1.93 6.7811 -999.99 -1.1828
392 1986-08-01 7.82 6.0262 9.2299 5.9111 9.624 -0.356 -1.9315 6.2445 -999.99 -1.1805
393 1986-09-01 5.76 6.0255 7.1699 5.9096 7.564 -1.5348 -1.933 5.3618 -999.99 -1.1783
394 1986-10-01 3.07 6.0249 4.4799 5.9081 4.874 -3.9704 -1.9345 5.1059 -999.99 -1.1761
395 1986-11-01 6.38 6.0243 7.7899 5.9066 8.184 -0.335 -1.936 4.779 -999.99 -1.1738
396 1986-12-01 4.08 6.0237 5.4899 5.9051 5.884 -2.5521 -1.9375 4.6946 -999.99 -1.1716
397 1987-01-01 5.41 6.023 6.8199 5.9036 7.214 -0.8692 -1.939 4.3402 -999.99 -1.1694
398 1987-02-01 6.11 6.0224 7.5199 5.9021 7.914 -1.0592 -1.9405 5.2287 -999.99 -1.1671
399 1987-03-01 6.4 6.0218 7.8099 5.9006 8.204 -2.3295 -1.942 6.7875 -999.99 -1.1649
400 1987-04-01 7.65 6.0211 9.0599 5.8991 9.454 -1.7218 -1.9435 7.4283 -999.99 -1.1627
401 1987-05-01 9.09 6.0205 10.4999 5.8976 10.894 -0.0817 -1.945 7.2267 -999.99 -1.1604
402 1987-06-01 7.5 6.0199 8.9099 5.8961 9.304 -1.3209 -1.9465 6.8744 -999.99 -1.1582
403 1987-07-01 7.85 6.0193 9.2599 5.8946 9.654 -0.8611 -1.948 6.763 -999.99 -1.156
404 1987-08-01 7.65 6.0186 9.0599 5.8931 9.454 -0.526 -1.9495 6.2265 -999.99 -1.1537
405 1987-09-01 5.98 6.018 7.3899 5.8916 7.784 -1.3148 -1.951 5.3438 -999.99 -1.1515
406 1987-10-01 4.15 6.0174 5.5599 5.8901 5.954 -2.8904 -1.9525 5.0879 -999.99 -1.1493
407 1987-11-01 4.89 6.0168 6.2999 5.8886 6.694 -1.825 -1.954 4.761 -999.99 -1.147
408 1987-12-01 5.98 6.0161 7.3899 5.8871 7.784 -0.6521 -1.9555 4.6766 -999.99 -1.1448
409 1988-01-01 5.6 6.0155 7.0099 5.8856 7.404 -0.6792 -1.957 4.3222 -999.99 -1.1426
410 1988-02-01 4.35 6.0149 5.7599 5.8841 6.154 -2.8192 -1.9585 5.2107 -999.99 -1.1403
411 1988-03-01 8.5 6.0142 9.9099 5.8826 10.304 -0.2295 -1.96 6.7695 -999.99 -1.1381
412 1988-04-01 7.02 6.0136 8.4299 5.8811 8.824 -2.3518 -1.9615 7.4103 -999.99 -1.1359
413 1988-05-01 7.79 6.013 9.1999 5.8796 9.594 -1.3817 -1.963 7.2087 -999.99 -1.1336
414 1988-06-01 7.48 6.0124 8.8899 5.8781 9.284 -1.3409 -1.9645 6.8564 -999.99 -1.1314
415 1988-07-01 7.37 6.0117 8.7799 5.8766 9.174 -1.3411 -1.966 6.745 -999.99 -1.1292
416 1988-08-01 7.14 6.0111 8.5499 5.8751 8.944 -1.036 -1.9675 6.2085 -999.99 -1.1269
417 1988-09-01 6.9 6.0105 8.3099 5.8736 8.704 -0.3948 -1.969 5.3258 -999.99 -1.1247
418 1988-10-01 3.98 6.0098 5.3899 5.8721 5.784 -3.0604 -1.9705 5.0699 -999.99 -1.1225
419 1988-11-01 7.39 6.0092 8.7999 5.8706 9.194 0.675 -1.972 4.743 -999.99 -1.1202
420 1988-12-01 3.99 6.0086 5.3999 5.8691 5.794 -2.6421 -1.9735 4.6586 -999.99 -1.118
421 1989-01-01 6.23 6.008 7.6399 5.8676 8.034 -0.0492 -1.975 4.3042 -999.99 -1.1158
422 1989-02-01 3.2 6.0073 4.6099 5.8661 5.004 -3.9692 -1.9765 5.1927 -999.99 -1.1135
423 1989-03-01 5.87 6.0067 7.2799 5.8646 7.674 -2.8595 -1.978 6.7515 -999.99 -1.1113
424 1989-04-01 7.14 6.0061 8.5499 5.8631 8.944 -2.2318 -1.9795 7.3923 -999.99 -1.1091
425 1989-05-01 6.29 6.0055 7.6999 5.8616 8.094 -2.8817 -1.981 7.1907 -999.99 -1.1069
426 1989-06-01 8 6.0048 9.4099 5.8601 9.804 -0.8209 -1.9825 6.8384 -999.99 -1.1046
427 1989-07-01 7.01 6.0042 8.4199 5.8586 8.814 -1.7011 -1.984 6.727 -999.99 -1.1024
428 1989-08-01 4.76 6.0036 6.1699 5.8571 6.564 -3.416 -1.9855 6.1905 -999.99 -1.1002
429 1989-09-01 4.56 6.0029 5.9699 5.8556 6.364 -2.7348 -1.987 5.3078 -999.99 -1.0979
430 1989-10-01 4.28 6.0023 5.6899 5.8541 6.084 -2.7604 -1.9885 5.0519 -999.99 -1.0957
431 1989-11-01 3.69 6.0017 5.0999 5.8526 5.494 -3.025 -1.99 4.725 -999.99 -1.0935
432 1989-12-01 2.42 6.0011 3.8299 5.8511 4.224 -4.2121 -1.9915 4.6406 -999.99 -1.0912
433 1990-01-01 4.95 6.0004 6.3599 5.8496 6.754 -1.3292 -1.993 4.2862 -999.99 -1.089
434 1990-02-01 5.41 5.9998 6.8199 5.8481 7.214 -1.7592 -1.9945 5.1747 -999.99 -1.0868
435 1990-03-01 4.81 5.9992 6.2199 5.8466 6.614 -3.9195 -1.996 6.7335 -999.99 -1.0845
436 1990-04-01 5.93 5.9985 7.3399 5.8451 7.734 -3.4418 -1.9975 7.3742 -999.99 -1.0823
437 1990-05-01 6.37 5.9979 7.7799 5.8436 8.174 -2.8017 -1.999 7.1727 -999.99 -1.0801
438 1990-06-01 6.73 5.9973 8.1399 5.8421 8.534 -2.0909 -2.0005 6.8204 -999.99 -1.0778
439 1990-07-01 7.02 5.9967 8.4299 5.8406 8.824 -1.6911 -2.002 6.709 -999.99 -1.0756
440 1990-08-01 6.17 5.996 7.5799 5.8391 7.974 -2.006 -2.0035 6.1725 -999.99 -1.0734
441 1990-09-01 5.31 5.9954 6.7199 5.8376 7.114 -1.9848 -2.005 5.2898 -999.99 -1.0711
442 1990-10-01 6.06 5.9948 7.4699 5.8361 7.864 -0.9804 -2.0065 5.0339 -999.99 -1.0689
443 1990-11-01 6.36 5.9941 7.7699 5.8346 8.164 -0.355 -2.008 4.707 -999.99 -1.0667
444 1990-12-01 4.5 5.9935 5.9099 5.8331 6.304 -2.1321 -2.0095 4.6226 -999.99 -1.0644
445 1991-01-01 2.74 5.9929 4.1499 5.8316 4.544 -3.5392 -2.011 4.2682 -999.99 -1.0622
446 1991-02-01 5.19 5.9923 6.5999 5.8301 6.994 -1.9792 -2.0125 5.1567 -999.99 -1.06
447 1991-03-01 6.18 5.9916 7.5899 5.8286 7.984 -2.5495 -2.014 6.7155 -999.99 -1.0577
448 1991-04-01 7.34 5.991 8.7499 5.8271 9.144 -2.0318 -2.0155 7.3562 -999.99 -1.0555
449 1991-05-01 6.34 5.9904 7.7499 5.8256 8.144 -2.8317 -2.017 7.1547 -999.99 -1.0533
450 1991-06-01 6.48 5.9898 7.8899 5.8241 8.284 -2.3409 -2.0185 6.8024 -999.99 -1.051
451 1991-07-01 6.53 5.9891 7.9399 5.8226 8.334 -2.1811 -2.02 6.691 -999.99 -1.0488
452 1991-08-01 5.7 5.9885 7.1099 5.8211 7.504 -2.476 -2.0215 6.1545 -999.99 -1.0466
453 1991-09-01 5.35 5.9879 6.7599 5.8196 7.154 -1.9448 -2.023 5.2718 -999.99 -1.0443
454 1991-10-01 4.32 5.9872 5.7299 5.8181 6.124 -2.7204 -2.0245 5.0159 -999.99 -1.0421
455 1991-11-01 5.31 5.9866 6.7199 5.8166 7.114 -1.405 -2.026 4.689 -999.99 -1.0399
456 1991-12-01 4.05 5.986 5.4599 5.8151 5.854 -2.5821 -2.0275 4.6046 -999.99 -1.0377
457 1992-01-01 6.46 5.9854 7.8699 5.8136 8.264 0.1808 -2.029 4.2502 -999.99 -1.0354
458 1992-02-01 4.38 5.9847 5.7899 5.8121 6.184 -2.7892 -2.0305 5.1387 -999.99 -1.0332
459 1992-03-01 4.68 5.9841 6.0899 5.8106 6.484 -4.0495 -2.032 6.6974 -999.99 -1.031
460 1992-04-01 7.1 5.9835 8.5099 5.8091 8.904 -2.2718 -2.0335 7.3382 -999.99 -1.0287
461 1992-05-01 6.35 5.9828 7.7599 5.8076 8.154 -2.8217 -2.035 7.1367 -999.99 -1.0265
462 1992-06-01 6.63 5.9822 8.0399 5.8061 8.434 -2.1909 -2.0365 6.7844 -999.99 -1.0243
463 1992-07-01 5.88 5.9816 7.2899 5.8046 7.684 -2.8311 -2.038 6.673 -999.99 -1.022
464 1992-08-01 6.59 5.981 7.9999 5.8031 8.394 -1.586 -2.0395 6.1365 -999.99 -1.0198
465 1992-09-01 6.15 5.9803 7.5599 5.8016 7.954 -1.1448 -2.041 5.2537 -999.99 -1.0176
466 1992-10-01 5.95 5.9797 7.3599 5.8001 7.754 -1.0904 -2.0425 4.9979 -999.99 -1.0153
467 1992-11-01 4.77 5.9791 6.1799 5.7986 6.574 -1.945 -2.044 4.6709 -999.99 -1.0131
468 1992-12-01 4.7 5.9785 6.1099 5.7971 6.504 -1.9321 -2.0455 4.5866 -999.99 -1.0109
469 1993-01-01 5.42 5.9778 6.8299 5.7956 7.224 -0.8592 -2.047 4.2322 -999.99 -1.0086
470 1993-02-01 4.84 5.9772 6.2499 5.7941 6.644 -2.3292 -2.0485 5.1207 -999.99 -1.0064
471 1993-03-01 9.72 8.7597 8.3468 8.6111 8.7059 0.9905 0.7684 9.4979 -999.99 -1.0042
472 1993-04-01 10.2 8.759 8.8268 8.6096 9.1859 0.8282 0.7669 10.1387 -999.99 -1.0019
473 1993-05-01 9.82 8.7584 8.4468 8.6081 8.8059 0.6483 0.7654 9.9371 -999.99 -0.9997
474 1993-06-01 9.7 8.7578 8.3268 8.6066 8.6859 0.8791 0.7639 9.5848 -999.99 -0.9975
475 1993-07-01 9.27 8.7572 7.8968 8.6051 8.2559 0.5589 0.7624 9.4735 -999.99 -0.9952
476 1993-08-01 10.15 8.7565 8.7768 8.6036 9.1359 1.974 0.7609 8.937 -999.99 -0.993
477 1993-09-01 7.46 8.7559 6.0868 8.6021 6.4459 0.1652 0.7594 8.0542 -999.99 -0.9908
478 1993-10-01 5.6 8.7553 4.2268 8.6006 4.5859 -1.4404 0.7579 7.7984 -999.99 -0.9885
479 1993-11-01 6.2 8.7546 4.8268 8.5991 5.1859 -0.515 0.7564 7.4714 -999.99 -0.9863
480 1993-12-01 7.17 8.754 5.7968 8.5976 6.1559 0.5379 0.7549 7.3871 -999.99 -0.9841
481 1994-01-01 5.98 8.7534 4.6068 8.5961 4.9659 -0.2992 0.7534 7.0326 -999.99 -0.9818
482 1994-02-01 9.13 8.7528 7.7568 8.5946 8.1159 1.9608 0.7519 7.9211 -999.99 -0.9796
483 1994-03-01 10.46 8.7521 9.0868 8.5931 9.4459 1.7305 0.7504 9.4799 -999.99 -0.9774
484 1994-04-01 9.96 8.7515 8.5868 8.5916 8.9459 0.5882 0.7489 10.1207 -999.99 -0.9751
485 1994-05-01 11.13 8.7509 9.7568 8.5901 10.1159 1.9583 0.7474 9.9191 -999.99 -0.9729
486 1994-06-01 10.37 8.7502 8.9968 8.5886 9.3559 1.5491 0.7459 9.5668 -999.99 -0.9707
487 1994-07-01 11.86 11.1639 8.0725 10.7589 8.6742 3.1489 2.9163 11.6274 -999.99 -0.9685
488 1994-08-01 11.83 11.1633 8.0425 10.7574 8.6442 3.654 2.9148 11.0908 -999.99 -0.9662
489 1994-09-01 9.34 11.1627 5.5525 10.7559 6.1542 2.0452 2.9133 10.2081 -999.99 -0.964
490 1994-10-01 10.3 11.162 6.5125 10.7544 7.1142 3.2596 2.9118 9.9522 -999.99 -0.9618
491 1994-11-01 12.45 11.1614 8.6625 10.7529 9.2642 5.735 2.9103 9.6253 -999.99 -0.9595
492 1994-12-01 9.15 11.1608 5.3625 10.7514 5.9642 2.5179 2.9088 9.5409 -999.99 -0.9573
493 1995-01-01 6.45 11.1601 2.6625 10.7499 3.2642 0.1708 2.9073 9.1865 -999.99 -0.9551
494 1995-02-01 8.27 11.1595 4.4825 10.7484 5.0842 1.1008 2.9058 10.075 -999.99 -0.9528
495 1995-03-01 10.4 11.1589 6.6125 10.7469 7.2142 1.6705 2.9043 11.6338 -999.99 -0.9506
496 1995-04-01 11.74 11.1583 7.9525 10.7454 8.5542 2.3682 2.9028 12.2746 -999.99 -0.9484
497 1995-05-01 13.96 11.1576 10.1725 10.7439 10.7742 4.7883 2.9013 12.073 -999.99 -0.9461
498 1995-06-01 12.71 11.157 8.9225 10.7424 9.5242 3.8891 2.8998 11.7207 -999.99 -0.9439
499 1995-07-01 13.12 11.1564 9.3325 10.7409 9.9342 4.4089 2.8983 11.6094 -999.99 -0.9417
500 1995-08-01 10.61 11.1557 6.8225 10.7394 7.4242 2.434 2.8968 11.0728 -999.99 -0.9394
501 1995-09-01 9.69 11.1551 5.9025 10.7379 6.5042 2.3952 2.8953 10.1901 -999.99 -0.9372
502 1995-10-01 9.71 9.8794 7.1977 10.3162 6.9445 2.6696 2.4736 9.514 -999.99 -0.935
503 1995-11-01 9.26 9.8787 6.7477 10.3147 6.4945 2.545 2.4721 9.1871 -999.99 -0.9327
504 1995-12-01 8.07 9.8781 5.5577 10.3132 5.3045 1.4379 2.4706 9.1027 -999.99 -0.9305
505 1996-01-01 8.25 9.8775 5.7377 10.3117 5.4845 1.9708 2.4691 8.7483 -999.99 -0.9283
506 1996-02-01 9.58 9.8769 7.0677 10.3102 6.8145 2.4108 2.4676 9.6368 -999.99 -0.926
507 1996-03-01 10.06 9.8762 7.5477 10.3087 7.2945 1.3305 2.4661 11.1956 -999.99 -0.9238
508 1996-04-01 12.18 9.8756 9.6677 10.3072 9.4145 2.8082 2.4646 11.8364 -999.99 -0.9216
509 1996-05-01 11.99 9.875 9.4777 10.3057 9.2245 2.8183 2.4631 11.6348 -999.99 -0.9193
510 1996-06-01 11.7 9.8743 9.1877 10.3042 8.9345 2.8791 2.4616 11.2825 -999.99 -0.9171
511 1996-07-01 14.1 9.8737 11.5877 10.3027 11.3345 5.3889 2.4601 11.1711 -999.99 -0.9149
512 1996-08-01 12.33 9.8731 9.8177 10.3012 9.5645 4.154 2.4586 10.6346 -999.99 -0.9126
513 1996-09-01 9.94 9.8725 7.4277 10.2997 7.1745 2.6452 2.4571 9.7519 -999.99 -0.9104
514 1996-10-01 10.26 9.8718 7.7477 10.2982 7.4945 3.2196 2.4556 9.496 -999.99 -0.9082
515 1996-11-01 8.03 9.8712 5.5177 10.2967 5.2645 1.315 2.4541 9.1691 -999.99 -0.9059
516 1996-12-01 7.85 9.8706 5.3377 10.2952 5.0845 1.2179 2.4526 9.0847 -999.99 -0.9037
517 1997-01-01 6.73 9.8699 4.2177 10.2937 3.9645 0.4508 2.4511 8.7303 -999.99 -0.9015
518 1997-02-01 8.29 9.8693 5.7777 10.2922 5.5245 1.1208 2.4496 9.6188 -999.99 -0.8992
519 1997-03-01 13.06 9.8687 10.5477 10.2907 10.2945 4.3305 2.4481 11.1776 -999.99 -0.897
520 1997-04-01 11.4 9.8681 8.8877 10.2892 8.6345 2.0282 2.4466 11.8184 -999.99 -0.8948
521 1997-05-01 8.59 7.3551 8.59 7.5226 8.59 -0.5817 -0.32 8.8517 -999.99 -0.8926
522 1997-06-01 9.17 7.3545 9.17 7.5211 9.17 0.3491 -0.3215 8.4994 -999.99 -0.8903
523 1997-07-01 8.43 7.3538 8.43 7.5196 8.43 -0.2811 -0.323 8.3881 -999.99 -0.8881
524 1997-08-01 7.84 7.3532 7.84 7.5181 7.84 -0.336 -0.3245 7.8515 -999.99 -0.8859
525 1997-09-01 7 7.3526 7 7.5166 7 -0.2948 -0.326 6.9688 -999.99 -0.8836
526 1997-10-01 8.21 7.352 8.21 7.5151 8.21 1.1696 -0.3275 6.7129 -999.99 -0.8814
527 1997-11-01 4.67 7.3513 4.67 7.5136 4.67 -2.045 -0.329 6.386 -999.99 -0.8792
528 1997-12-01 6.02 7.3507 6.02 7.5121 6.02 -0.6121 -0.3305 6.3016 -999.99 -0.8769
529 1998-01-01 6.52 7.3501 6.52 7.5106 6.52 0.2408 -0.332 5.9472 -999.99 -0.8747
530 1998-02-01 7.22 7.3494 7.22 7.5091 7.22 0.0508 -0.3335 6.8357 -999.99 -0.8725
531 1998-03-01 6.62 7.3488 6.62 7.5076 6.62 -2.1095 -0.335 8.3945 -999.99 -0.8702
532 1998-04-01 8.06 7.3482 8.06 7.5061 8.06 -1.3118 -0.3365 9.0353 -999.99 -0.868
533 1998-05-01 8.61 7.3476 8.61 7.5046 8.61 -0.5617 -0.338 8.8337 -999.99 -0.8658
534 1998-06-01 8.49 7.3469 8.49 7.5031 8.49 -0.3309 -0.3395 8.4814 -999.99 -0.8635
535 1998-07-01 8.19 7.3463 8.19 7.5016 8.19 -0.5211 -0.341 8.37 -999.99 -0.8613
536 1998-08-01 8.54 7.3457 8.54 7.5001 8.54 0.364 -0.3425 7.8335 -999.99 -0.8591
537 1998-09-01 7.01 7.345 7.01 7.4986 7.01 -0.2848 -0.344 6.9508 -999.99 -0.8568
538 1998-10-01 5.75 7.3444 5.75 7.4971 5.75 -1.2904 -0.3455 6.6949 -999.99 -0.8546
539 1998-11-01 5.88 7.3438 5.88 7.4956 5.88 -0.835 -0.347 6.368 -999.99 -0.8524
540 1998-12-01 8 7.3432 8 7.4941 8 1.3679 -0.3485 6.2836 -999.99 -0.8501
541 1999-01-01 5.83 7.3425 5.83 7.4926 5.83 -0.4492 -0.35 5.9292 -999.99 -0.8479
542 1999-02-01 11.09 7.3419 11.09 7.4911 11.09 3.9208 -0.3515 6.8177 -999.99 -0.8457
543 1999-03-01 10.21 7.3413 10.21 7.4896 10.21 1.4805 -0.353 8.3765 -999.99 -0.8434
544 1999-04-01 8.99 7.3406 8.99 7.4881 8.99 -0.3818 -0.3545 9.0173 -999.99 -0.8412
545 1999-05-01 8.69 7.34 8.69 7.4866 8.69 -0.4817 -0.356 8.8157 -999.99 -0.839
546 1999-06-01 7.7 7.3394 7.7 7.4851 7.7 -1.1209 -0.3575 8.4634 -999.99 -0.8367
547 1999-07-01 7.99 7.3388 7.99 7.4836 7.99 -0.7211 -0.359 8.352 -999.99 -0.8345
548 1999-08-01 7.35 7.3381 7.35 7.4821 7.35 -0.826 -0.3605 7.8155 -999.99 -0.8323
549 1999-09-01 8.2 7.3375 8.2 7.4806 8.2 0.9052 -0.362 6.9328 -999.99 -0.83
550 1999-10-01 7.23 7.3369 7.23 7.4791 7.23 0.1896 -0.3635 6.6769 -999.99 -0.8278
551 1999-11-01 4.52 7.3363 4.52 7.4776 4.52 -2.195 -0.365 6.35 -999.99 -0.8256
552 1999-12-01 6 7.3356 6 7.4761 6 -0.6321 -0.3665 6.2656 -999.99 -0.8234
553 2000-01-01 6.3 7.335 6.3 7.4746 6.3 0.0208 -0.368 5.9112 -999.99 -0.8211
554 2000-02-01 6.13 7.3344 6.13 7.4731 6.13 -1.0392 -0.3695 6.7997 -999.99 -0.8189
555 2000-03-01 8.37 7.3337 8.37 7.4716 8.37 -0.3595 -0.371 8.3585 -999.99 -0.8167
556 2000-04-01 9.09 7.3331 9.09 7.4701 9.09 -0.2818 -0.3725 8.9993 -999.99 -0.8144
557 2000-05-01 9.54 7.3325 9.54 7.4686 9.54 0.3683 -0.374 8.7977 -999.99 -0.8122
558 2000-06-01 10.16 7.3319 10.16 7.4671 10.16 1.3391 -0.3755 8.4454 -999.99 -0.81
559 2000-07-01 8.53 7.3312 8.53 7.4656 8.53 -0.1811 -0.377 8.334 -999.99 -0.8077
560 2000-08-01 8.3 7.3306 8.3 7.4641 8.3 0.124 -0.3785 7.7975 -999.99 -0.8055
561 2000-09-01 6.51 7.33 6.51 7.4626 6.51 -0.7848 -0.38 6.9148 -999.99 -0.8033
562 2000-10-01 7.06 7.3293 7.06 7.4611 7.06 0.0196 -0.3815 6.6589 -999.99 -0.801
563 2000-11-01 4.08 7.3287 4.08 7.4596 4.08 -2.635 -0.383 6.332 -999.99 -0.7988
564 2000-12-01 3.54 7.3281 3.54 7.4581 3.54 -3.0921 -0.3845 6.2476 -999.99 -0.7966
565 2001-01-01 4.48 7.3275 4.48 7.4566 4.48 -1.7992 -0.386 5.8932 -999.99 -0.7943
566 2001-02-01 6.41 7.3268 6.41 7.4551 6.41 -0.7592 -0.3875 6.7817 -999.99 -0.7921
567 2001-03-01 8.14 7.3262 8.14 7.4536 8.14 -0.5895 -0.389 8.3405 -999.99 -0.7899
568 2001-04-01 9.67 7.3256 9.67 7.4521 9.67 0.2982 -0.3905 8.9812 -999.99 -0.7876
569 2001-05-01 8.93 7.325 8.93 7.4506 8.93 -0.2417 -0.392 8.7797 -999.99 -0.7854
570 2001-06-01 8.86 7.3243 8.86 7.4491 8.86 0.0391 -0.3935 8.4274 -999.99 -0.7832
571 2001-07-01 8.17 7.3237 8.17 7.4476 8.17 -0.5411 -0.395 8.316 -999.99 -0.7809
572 2001-08-01 9.44 7.3231 9.44 7.4461 9.44 1.264 -0.3965 7.7795 -999.99 -0.7787
573 2001-09-01 7.85 7.3224 7.85 7.4446 7.85 0.5552 -0.398 6.8968 -999.99 -0.7765
574 2001-10-01 7.48 7.3218 7.48 7.4431 7.48 0.4396 -0.3995 6.6409 -999.99 -0.7742
575 2001-11-01 6.9 7.3212 6.9 7.4416 6.9 0.185 -0.401 6.314 -999.99 -0.772
576 2001-12-01 6.14 7.3206 6.14 7.4401 6.14 -0.4921 -0.4025 6.2296 -999.99 -0.7698
577 2002-01-01 5.45 7.3199 5.45 7.4386 5.45 -0.8292 -0.404 5.8752 -999.99 -0.7675
578 2002-02-01 6.74 7.3193 6.74 7.4371 6.74 -0.4292 -0.4055 6.7637 -999.99 -0.7653
579 2002-03-01 7.14 7.3187 7.14 7.4356 7.14 -1.5895 -0.407 8.3225 -999.99 -0.7631
580 2002-04-01 8.89 7.318 8.89 7.4341 8.89 -0.4818 -0.4085 8.9632 -999.99 -0.7608
581 2002-05-01 8.81 7.3174 8.81 7.4326 8.81 -0.3617 -0.41 8.7617 -999.99 -0.7586
582 2002-06-01 9.92 7.3168 9.92 7.4311 9.92 1.0991 -0.4115 8.4094 -999.99 -0.7564
583 2002-07-01 8.81 7.3162 8.81 7.4296 8.81 0.0989 -0.413 8.298 -999.99 -0.7541
584 2002-08-01 8.62 7.3155 8.62 7.4281 8.62 0.444 -0.4145 7.7615 -999.99 -0.7519
585 2002-09-01 8.34 7.3149 8.34 7.4266 8.34 1.0452 -0.416 6.8788 -999.99 -0.7497
586 2002-10-01 4.84 7.3143 4.84 7.4251 4.84 -2.2004 -0.4175 6.6229 -999.99 -0.7475
587 2002-11-01 5.18 7.3137 5.18 7.4236 5.18 -1.535 -0.419 6.296 -999.99 -0.7452
588 2002-12-01 5.64 7.313 5.64 7.4221 5.64 -0.9921 -0.4205 6.2116 -999.99 -0.743
589 2003-01-01 4.99 7.3124 4.99 7.4206 4.99 -1.2892 -0.422 5.8572 -999.99 -0.7408
590 2003-02-01 4.96 7.3118 4.96 7.4191 4.96 -2.2092 -0.4235 6.7457 -999.99 -0.7385
591 2003-03-01 10.06 7.3111 10.06 7.4176 10.06 1.3305 -0.425 8.3044 -999.99 -0.7363
592 2003-04-01 9.91 7.3105 9.91 7.4161 9.91 0.5382 -0.4265 8.9452 -999.99 -0.7341
593 2003-05-01 8.89 7.3099 8.89 7.4146 8.89 -0.2817 -0.428 8.7437 -999.99 -0.7318
594 2003-06-01 10.23 7.3093 10.23 7.4131 10.23 1.4091 -0.4295 8.3914 -999.99 -0.7296
595 2003-07-01 8.45 7.3086 8.45 7.4116 8.45 -0.2611 -0.431 8.28 -999.99 -0.7274
596 2003-08-01 8.75 7.308 8.75 7.4101 8.75 0.574 -0.4325 7.7435 -999.99 -0.7251
597 2003-09-01 7.55 7.3074 7.55 7.4086 7.55 0.2552 -0.434 6.8607 -999.99 -0.7229
598 2003-10-01 7.87 7.3067 7.87 7.4071 7.87 0.8296 -0.4355 6.6049 -999.99 -0.7207
599 2003-11-01 5.37 7.3061 5.37 7.4056 5.37 -1.345 -0.437 6.2779 -999.99 -0.7184
600 2003-12-01 6.91 7.3055 6.91 7.4041 6.91 0.2779 -0.4385 6.1936 -999.99 -0.7162
601 2004-01-01 4.23 7.3049 4.23 7.4026 4.23 -2.0492 -0.44 5.8392 -999.99 -0.714
602 2004-02-01 4.78 7.3042 4.78 7.4011 4.78 -2.3892 -0.4415 6.7277 -999.99 -0.7117
603 2004-03-01 8.46 7.3036 8.46 7.3996 8.46 -0.2695 -0.443 8.2864 -999.99 -0.7095
604 2004-04-01 8.13 7.303 8.13 7.3981 8.13 -1.2418 -0.4445 8.9272 -999.99 -0.7073
605 2004-05-01 8.19 7.3023 8.19 7.3966 8.19 -0.9817 -0.446 8.7256 -999.99 -0.705
606 2004-06-01 8.84 7.3017 8.84 7.3951 8.84 0.0191 -0.4475 8.3734 -999.99 -0.7028
607 2004-07-01 9.19 7.3011 9.19 7.3936 9.19 0.4789 -0.449 8.262 -999.99 -0.7006
608 2004-08-01 6.65 7.3005 6.65 7.3921 6.65 -1.526 -0.4505 7.7255 -999.99 -0.6983
609 2004-09-01 6.41 7.2998 6.41 7.3906 6.41 -0.8848 -0.452 6.8427 -999.99 -0.6961
610 2004-10-01 5.91 7.2992 5.91 7.3891 5.91 -1.1304 -0.4535 6.5869 -999.99 -0.6939
611 2004-11-01 5.24 7.2986 5.24 7.3876 5.24 -1.475 -0.455 6.2599 -999.99 -0.6916
612 2004-12-01 4.57 7.298 4.57 7.3861 4.57 -2.0621 -0.4565 6.1756 -999.99 -0.6894
