"id" "date" "base" "base_trend+meanShift" "base_mean_adj" "base_anomaly" "fit_of_base_anomaly" "annualC+meanShifts" "QM_adjusted" "fit_of_deseason_base"
1 1953-01-01 13.98 11.9613 9.4703 4.8601 3.6694 12.7894 8.8153 4.0207
2 1953-02-01 11.99 11.964 7.4803 3.0234 3.6721 12.6387 7.5479 4.0134
3 1953-03-01 13.02 11.9666 8.5103 3.7019 3.6747 12.9928 8.1632 4.0061
4 1953-04-01 11.26 11.9693 6.7503 1.9885 3.6774 12.9489 6.9937 3.9989
5 1953-05-01 12.21 11.972 7.7003 3.7221 3.68 12.168 7.6488 3.9916
6 1953-06-01 10.96 11.9746 6.4503 2.8749 3.6827 11.7678 6.7409 3.9843
7 1953-07-01 11.48 11.9773 6.9703 4.223 3.6854 10.9423 7.168 3.977
8 1953-08-01 9.54 11.9799 5.0303 2.8391 3.688 10.3889 5.501 3.9697
9 1953-09-01 10.55 11.9826 6.0403 4.0827 3.6907 10.158 6.399 3.9624
10 1953-10-01 9.89 11.9852 5.3803 2.5967 3.6933 10.9867 5.8366 3.9551
11 1953-11-01 15.23 11.9879 10.7203 6.3689 3.696 12.557 9.9428 3.9478
12 1953-12-01 13.74 11.9906 9.2303 4.0658 3.6986 13.3728 8.6638 3.9406
13 1954-01-01 14.97 11.9932 10.4603 5.8501 3.7013 12.8212 9.6925 3.9333
14 1954-02-01 15.04 11.9959 10.5303 6.0734 3.704 12.6706 9.7589 3.926
15 1954-03-01 14.04 11.9985 9.5303 4.7219 3.7066 13.0247 8.856 3.9187
16 1954-04-01 14.53 12.0012 10.0203 5.2585 3.7093 12.9808 9.3035 3.9114
17 1954-05-01 12.93 12.0038 8.4203 4.4421 3.7119 12.1999 8.1384 3.9041
18 1954-06-01 13.39 12.0065 8.8803 5.3049 3.7146 11.7997 8.4802 3.8968
19 1954-07-01 11.46 12.0092 6.9503 4.203 3.7172 10.9742 7.1674 3.8895
20 1954-08-01 9.59 12.0118 5.0803 2.8891 3.7199 10.4208 5.5494 3.8822
21 1954-09-01 9.17 12.0145 4.6603 2.7027 3.7226 10.1898 5.1383 3.875
22 1954-10-01 10.86 12.0171 6.3503 3.5667 3.7252 11.0185 6.664 3.8677
23 1954-11-01 11.82 12.0198 7.3103 2.9589 3.7279 12.5889 7.4377 3.8604
24 1954-12-01 14.29 12.0224 9.7803 4.6158 3.7305 13.4047 9.0879 3.8531
25 1955-01-01 10.99 12.0251 6.4803 1.8701 3.7332 12.8531 6.7747 3.8458
26 1955-02-01 13 12.0278 8.4903 4.0334 3.7358 12.7025 8.1826 3.8385
27 1955-03-01 15.78 12.0304 11.2703 6.4619 3.7385 13.0566 10.4848 3.8312
28 1955-04-01 15.89 12.0331 11.3803 6.6185 3.7412 13.0127 10.5936 3.8239
29 1955-05-01 13.63 12.0357 9.1203 5.1421 3.7438 12.2317 8.6674 3.8167
30 1955-06-01 11.43 12.0384 6.9203 3.3449 3.7465 11.8316 7.142 3.8094
31 1955-07-01 10.53 12.041 6.0203 3.273 3.7491 11.0061 6.3915 3.8021
32 1955-08-01 10.84 12.0437 6.3303 4.1391 3.7518 10.4527 6.652 3.7948
33 1955-09-01 10.17 12.0464 5.6603 3.7027 3.7544 10.2217 6.0895 3.7875
34 1955-10-01 12.41 12.049 7.9003 5.1167 3.7571 11.0504 7.8177 3.7802
35 1955-11-01 15.92 12.0517 11.4103 7.0589 3.7598 12.6208 10.6226 3.7729
36 1955-12-01 15.69 12.0543 11.1803 6.0158 3.7624 13.4366 10.3963 3.7656
37 1956-01-01 14.09 12.057 9.5803 4.9701 3.7651 12.885 8.9155 3.7583
38 1956-02-01 14.62 12.0596 10.1103 5.6534 3.7677 12.7344 9.3792 3.7511
39 1956-03-01 15.15 12.0623 10.6403 5.8319 3.7704 13.0885 9.8657 3.7438
40 1956-04-01 13.65 12.065 9.1403 4.3785 3.773 13.0446 8.7006 3.7365
41 1956-05-01 12.38 12.0676 7.8703 3.8921 3.7757 12.2636 7.7982 3.7292
42 1956-06-01 12.58 12.0703 8.0703 4.4949 3.7784 11.8635 7.9553 3.7219
43 1956-07-01 10.65 12.0729 6.1403 3.393 3.781 11.038 6.4948 3.7146
44 1956-08-01 9.2 12.0756 4.6903 2.4991 3.7837 10.4845 5.1691 3.7073
45 1956-09-01 10.5 12.0782 5.9903 4.0327 3.7863 10.2536 6.3697 3.7
46 1956-10-01 12.73 12.0809 8.2203 5.4367 3.789 11.0823 8.025 3.6928
47 1956-11-01 10.21 12.0836 5.7003 1.3489 3.7916 12.6527 6.1261 3.6855
48 1956-12-01 15.03 12.0862 10.5203 5.3558 3.7943 13.4685 9.7609 3.6782
49 1957-01-01 12.95 12.0889 8.4403 3.8301 3.797 12.9169 8.2209 3.6709
50 1957-02-01 14.03 12.0915 9.5203 5.0634 3.7996 12.7662 8.9076 3.6636
51 1957-03-01 13.84 12.0942 9.3303 4.5219 3.8023 13.1204 8.7758 3.6563
52 1957-04-01 13.01 12.0968 8.5003 3.7385 3.8049 13.0764 8.2437 3.649
53 1957-05-01 10.44 12.0995 5.9303 1.9521 3.8076 12.2955 6.3259 3.6417
54 1957-06-01 13 12.1022 8.4903 4.9149 3.8102 11.8953 8.2586 3.6344
55 1957-07-01 12.16 12.1048 7.6503 4.903 3.8129 11.0699 7.7013 3.6272
56 1957-08-01 9.83 12.1075 5.3203 3.1291 3.8156 10.5164 5.7814 3.6199
57 1957-09-01 8.83 12.1101 4.3203 2.3627 3.8182 10.2855 4.8017 3.6126
58 1957-10-01 11.72 12.1128 7.2103 4.4267 3.8209 11.1142 7.3923 3.6053
59 1957-11-01 10.53 12.1154 6.0203 1.6689 3.8235 12.6846 6.4079 3.598
60 1957-12-01 17.26 12.1181 12.7503 7.5858 3.8262 13.5003 11.9628 3.5907
61 1958-01-01 13.28 12.1208 8.7703 4.1601 3.8288 12.9488 8.3835 3.5834
62 1958-02-01 11.15 12.1234 6.6403 2.1834 3.8315 12.7981 6.9156 3.5761
63 1958-03-01 12.26 12.1261 7.7503 2.9419 3.8342 13.1522 7.7382 3.5689
64 1958-04-01 15.1 12.1287 10.5903 5.8285 3.8368 13.1083 9.8265 3.5616
65 1958-05-01 10.98 12.1314 6.4703 2.4921 3.8395 12.3274 6.7801 3.5543
66 1958-06-01 10.45 12.134 5.9403 2.3649 3.8421 11.9272 6.3399 3.547
67 1958-07-01 9.76 12.1367 5.2503 2.503 3.8448 11.1018 5.7176 3.5397
68 1958-08-01 11.13 12.1394 6.6203 4.4291 3.8474 10.5483 6.9071 3.5324
69 1958-09-01 11.52 12.142 7.0103 5.0527 3.8501 10.3174 7.2365 3.5251
70 1958-10-01 10.22 12.1447 5.7103 2.9267 3.8528 11.1461 6.1462 3.5178
71 1958-11-01 13.68 12.1473 9.1703 4.8189 3.8554 12.7165 8.7437 3.5105
72 1958-12-01 13.8 12.15 9.2903 4.1258 3.8581 13.5322 8.7856 3.5033
73 1959-01-01 15.58 12.1526 11.0703 6.4601 3.8607 12.9807 10.2881 3.496
74 1959-02-01 14.7 12.1553 10.1903 5.7334 3.8634 12.83 9.4661 3.4887
75 1959-03-01 14.89 12.158 10.3803 5.5719 3.866 13.1841 9.6427 3.4814
76 1959-04-01 14.09 12.1606 9.5803 4.8185 3.8687 13.1402 8.9788 3.4741
77 1959-05-01 12.71 12.1633 8.2003 4.2221 3.8714 12.3593 8.0517 3.4668
78 1959-06-01 11.69 12.1659 7.1803 3.6049 3.874 11.9591 7.3677 3.4595
79 1959-07-01 10.26 12.1686 5.7503 3.003 3.8767 11.1337 6.1829 3.4522
80 1959-08-01 12.12 12.1712 7.6103 5.4191 3.8793 10.5802 7.6939 3.4449
81 1959-09-01 11.64 12.1739 7.1303 5.1727 3.882 10.3493 7.3427 3.4377
82 1959-10-01 10.46 12.1766 5.9503 3.1667 3.8846 11.178 6.3577 3.4304
83 1959-11-01 13.85 12.1792 9.3403 4.9889 3.8873 12.7484 8.8104 3.4231
84 1959-12-01 11.92 12.1819 7.4103 2.2458 3.89 13.5641 7.5573 3.4158
85 1960-01-01 13.87 12.1845 9.3603 4.7501 3.8926 13.0126 8.818 3.4085
86 1960-02-01 15 12.1872 10.4903 6.0334 3.8953 12.8619 9.7466 3.4012
87 1960-03-01 15.08 12.1898 10.5703 5.7619 3.8979 13.216 9.8209 3.3939
88 1960-04-01 14.16 12.1925 9.6503 4.8885 3.9006 13.1721 9.0266 3.3866
89 1960-05-01 13.18 12.1952 8.6703 4.6921 3.9032 12.3912 8.3495 3.3794
90 1960-06-01 11.84 12.1978 7.3303 3.7549 3.9059 11.991 7.5069 3.3721
91 1960-07-01 9.83 12.2005 5.3203 2.573 3.9086 11.1656 5.7856 3.3648
92 1960-08-01 11.67 12.2031 7.1603 4.9691 3.9112 10.6121 7.3679 3.3575
93 1960-09-01 10.38 12.2058 5.8703 3.9127 3.9139 10.3812 6.2852 3.3502
94 1960-10-01 10.63 12.2084 6.1203 3.3367 3.9165 11.2099 6.5038 3.3429
95 1960-11-01 12.04 12.2111 7.5303 3.1789 3.9192 12.7803 7.6438 3.3356
96 1960-12-01 10.44 12.2138 5.9303 0.7658 3.9218 13.596 6.3415 3.3283
97 1961-01-01 12.07 12.2164 7.5603 2.9501 3.9245 13.0444 7.6666 3.321
98 1961-02-01 16.2 12.2191 11.6903 7.2334 3.9272 12.8938 10.902 3.3138
99 1961-03-01 13.83 12.2217 9.3203 4.5119 3.9298 13.2479 8.8543 3.3065
100 1961-04-01 13.28 12.2244 8.7703 4.0085 3.9325 13.204 8.41 3.2992
101 1961-05-01 10.94 12.227 6.4303 2.4521 3.9351 12.4231 6.7641 3.2919
102 1961-06-01 12.04 12.2297 7.5303 3.9549 3.9378 12.0229 7.6508 3.2846
103 1961-07-01 10.6 12.2324 6.0903 3.343 3.9404 11.1974 6.4819 3.2773
104 1961-08-01 10.26 12.235 5.7503 3.5591 3.9431 10.644 6.1985 3.27
105 1961-09-01 11.34 12.2377 6.8303 4.8727 3.9458 10.4131 7.0978 3.2627
106 1961-10-01 12.98 12.2403 8.4703 5.6867 3.9484 11.2417 8.263 3.2555
107 1961-11-01 12.24 12.243 7.7303 3.3789 3.9511 12.8121 7.806 3.2482
108 1961-12-01 14.63 12.2456 10.1203 4.9558 3.9537 13.6279 9.4194 3.2409
109 1962-01-01 12.44 12.2483 7.9303 3.3201 3.9564 13.0763 7.8889 3.2336
110 1962-02-01 11.4 12.251 6.8903 2.4334 3.959 12.9257 7.15 3.2263
111 1962-03-01 11.42 12.2536 6.9103 2.1019 3.9617 13.2798 7.166 3.219
112 1962-04-01 12.79 12.2563 8.2803 3.5185 3.9644 13.2359 8.143 3.2117
113 1962-05-01 12.38 12.2589 7.8703 3.8921 3.967 12.455 7.877 3.2044
114 1962-06-01 11.39 12.2616 6.8803 3.3049 3.9697 12.0548 7.1439 3.1971
115 1962-07-01 9.75 12.2642 5.2403 2.493 3.9723 11.2293 5.7139 3.1899
116 1962-08-01 9.14 12.2669 4.6303 2.4391 3.975 10.6759 5.1108 3.1826
117 1962-09-01 9.81 12.2696 5.3003 3.3427 3.9776 10.4449 5.7725 3.1753
118 1962-10-01 11.55 12.2722 7.0403 4.2567 3.9803 11.2736 7.2879 3.168
119 1962-11-01 13.71 12.2749 9.2003 4.8489 3.983 12.844 8.787 3.1607
120 1962-12-01 11.95 12.2775 7.4403 2.2758 3.9856 13.6598 7.5996 3.1534
121 1963-01-01 12.41 12.2802 7.9003 3.2901 3.9883 13.1082 7.8977 3.1461
122 1963-02-01 10.89 12.2828 6.3803 1.9234 3.9909 12.9576 6.7223 3.1388
123 1963-03-01 12.89 12.2855 8.3803 3.5719 3.9936 13.3117 8.2202 3.1316
124 1963-04-01 12.03 12.2882 7.5203 2.7585 3.9962 13.2678 7.661 3.1243
125 1963-05-01 12.66 12.2908 8.1503 4.1721 3.9989 12.4868 8.057 3.117
126 1963-06-01 12.37 12.2935 7.8603 4.2849 4.0016 12.0867 7.8941 3.1097
127 1963-07-01 11.03 12.2961 6.5203 3.773 4.0042 11.2612 6.85 3.1024
128 1963-08-01 8.86 12.2988 4.3503 2.1591 4.0069 10.7078 4.8318 3.0951
129 1963-09-01 9.13 12.3014 4.6203 2.6627 4.0095 10.4768 5.1012 3.0878
130 1963-10-01 10.81 12.3041 6.3003 3.5167 4.0122 11.3055 6.6631 3.0805
131 1963-11-01 14.17 12.3068 9.6603 5.3089 4.0148 12.8759 9.0819 3.0732
132 1963-12-01 10.35 12.3094 5.8403 0.6758 4.0175 13.6917 6.2856 3.066
133 1964-01-01 15.56 12.3121 11.0503 6.4401 4.0202 13.1401 10.2703 3.0587
134 1964-02-01 12.83 12.3147 8.3203 3.8634 4.0228 12.9895 8.1943 3.0514
135 1964-03-01 13.38 12.3174 8.8703 4.0619 4.0255 13.3436 8.4968 3.0441
136 1964-04-01 14.23 12.32 9.7203 4.9585 4.0281 13.2997 9.1302 3.0368
137 1964-05-01 11.98 12.3227 7.4703 3.4921 4.0308 12.5187 7.6412 3.0295
138 1964-06-01 11.23 12.3254 6.7203 3.1449 4.0334 12.1186 7.0224 3.0222
139 1964-07-01 9.24 12.328 4.7303 1.983 4.0361 11.2931 5.2103 3.0149
140 1964-08-01 10.49 12.3307 5.9803 3.7891 4.0388 10.7396 6.3989 3.0077
141 1964-09-01 9.11 12.3333 4.6003 2.6427 4.0414 10.5087 5.0815 3.0004
142 1964-10-01 8.15 12.336 3.6403 0.8567 4.0441 11.3374 4.1217 2.9931
143 1964-11-01 8.89 12.3386 4.3803 0.0289 4.0467 12.9078 4.8618 2.9858
144 1964-12-01 12.8 12.3413 8.2903 3.1258 4.0494 13.7236 8.1863 2.9785
145 1965-01-01 10.64 12.344 6.1303 1.5201 4.052 13.172 6.5338 2.9712
146 1965-02-01 11.65 12.3466 7.1403 2.6834 4.0547 13.0213 7.3795 2.9639
147 1965-03-01 10.35 12.3493 5.8403 1.0319 4.0574 13.3754 6.2913 2.9566
148 1965-04-01 11.23 12.3519 6.7203 1.9585 4.06 13.3315 7.0262 2.9493
149 1965-05-01 11.55 12.3546 7.0403 3.0621 4.0627 12.5506 7.2919 2.9421
150 1965-06-01 11.38 12.3572 6.8703 3.2949 4.0653 12.1504 7.1494 2.9348
151 1965-07-01 9.79 12.3599 5.2803 2.533 4.068 11.325 5.7552 2.9275
152 1965-08-01 9.56 12.3626 5.0503 2.8591 4.0706 10.7715 5.5274 2.9202
153 1965-09-01 9.45 12.3652 4.9403 2.9827 4.0733 10.5406 5.4198 2.9129
154 1965-10-01 11.13 12.3679 6.6203 3.8367 4.076 11.3693 6.946 2.9056
155 1965-11-01 11.19 12.3705 6.6803 2.3289 4.0786 12.9397 6.998 2.8983
156 1965-12-01 14 12.3732 9.4903 4.3258 4.0813 13.7554 8.9984 2.891
157 1966-01-01 13.28 12.3758 8.7703 4.1601 4.0839 13.2039 8.5263 2.8837
158 1966-02-01 11.46 12.3785 6.9503 2.4934 4.0866 13.0532 7.2217 2.8765
159 1966-03-01 14 12.3812 9.4903 4.6819 4.0892 13.4073 9.0113 2.8692
160 1966-04-01 12.48 12.3838 7.9703 3.2085 4.0919 13.3634 7.9862 2.8619
161 1966-05-01 12.54 12.3865 8.0303 4.0521 4.0946 12.5825 8.0086 2.8546
162 1966-06-01 11.4 12.3891 6.8903 3.3149 4.0972 12.1823 7.1733 2.8473
163 1966-07-01 9.73 12.3918 5.2203 2.473 4.0999 11.3569 5.6963 2.84
164 1966-08-01 10.33 12.3944 5.8203 3.6291 4.1025 10.8034 6.274 2.8327
165 1966-09-01 8.75 12.3971 4.2403 2.2827 4.1052 10.5725 4.7218 2.8254
166 1966-10-01 11.36 12.3998 6.8503 4.0667 4.1078 11.4012 7.1486 2.8182
167 1966-11-01 11.78 12.4024 7.2703 2.9189 4.1105 12.9716 7.5009 2.8109
168 1966-12-01 14.38 12.4051 9.8703 4.7058 4.1132 13.7873 9.2359 2.8036
169 1967-01-01 14.52 12.4077 10.0103 5.4001 4.1158 13.2358 9.3268 2.7963
170 1967-02-01 14.39 12.4104 9.8803 5.4234 4.1185 13.0851 9.2355 2.789
171 1967-03-01 16.8 12.413 12.2903 7.4819 4.1211 13.4392 11.5017 2.7817
172 1967-04-01 13.05 12.4157 8.5403 3.7785 4.1238 13.3953 8.3686 2.7744
173 1967-05-01 12.49 12.4184 7.9803 4.0021 4.1264 12.6144 8.0228 2.7671
174 1967-06-01 10.26 12.421 5.7503 2.1749 4.1291 12.2142 6.209 2.7598
175 1967-07-01 12.3 12.4237 7.7903 5.043 4.1318 11.3888 7.8892 2.7526
176 1967-08-01 10.12 12.4263 5.6103 3.4191 4.1344 10.8353 6.0736 2.7453
177 1967-09-01 11.02 12.429 6.5103 4.5527 4.1371 10.6044 6.8565 2.738
178 1967-10-01 14.1 12.4316 9.5903 6.8067 4.1397 11.4331 9.073 2.7307
179 1967-11-01 12.23 12.4343 7.7203 3.3689 4.1424 13.0035 7.8544 2.7234
180 1967-12-01 17.14 12.437 12.6303 7.4658 4.145 13.8192 11.8416 2.7161
181 1968-01-01 17.44 12.4396 12.9303 8.3201 4.1477 13.2676 12.1422 2.7088
182 1968-02-01 13.43 12.4423 8.9203 4.4634 4.1504 13.117 8.5864 2.7015
183 1968-03-01 12.73 12.4449 8.2203 3.4119 4.153 13.4711 8.1586 2.6943
184 1968-04-01 15.35 12.4476 10.8403 6.0785 4.1557 13.4272 10.0857 2.687
185 1968-05-01 12.54 12.4502 8.0303 4.0521 4.1583 12.6463 8.0552 2.6797
186 1968-06-01 12.63 12.4529 8.1203 4.5449 4.161 12.2461 8.0888 2.6724
187 1968-07-01 10.88 12.4556 6.3703 3.623 4.1637 11.4206 6.7456 2.6651
188 1968-08-01 10.52 12.4582 6.0103 3.8191 4.1663 10.8672 6.4526 2.6578
189 1968-09-01 10.96 12.4609 6.4503 4.4927 4.169 10.6363 6.8173 2.6505
190 1968-10-01 11.95 12.4635 7.4403 4.6567 4.1716 11.465 7.643 2.6432
191 1968-11-01 12.13 12.4662 7.6203 3.2689 4.1743 13.0353 7.7855 2.6359
192 1968-12-01 17.19 12.4688 12.6803 7.5158 4.1769 13.8511 11.8917 2.6287
193 1969-01-01 14.94 12.4715 10.4303 5.8201 4.1796 13.2995 9.7212 2.6214
194 1969-02-01 13.4 12.4742 8.8903 4.4334 4.1823 13.1489 8.6211 2.6141
195 1969-03-01 12.16 12.4768 7.6503 2.8419 4.1849 13.503 7.8035 2.6068
196 1969-04-01 13.44 12.4795 8.9303 4.1685 4.1876 13.4591 8.6355 2.5995
197 1969-05-01 11.06 12.4821 6.5503 2.5721 4.1902 12.6782 6.9006 2.5922
198 1969-06-01 10.55 12.4848 6.0403 2.4649 4.1929 12.278 6.4794 2.5849
199 1969-07-01 12.38 12.4874 7.8703 5.123 4.1955 11.4525 7.9616 2.5776
200 1969-08-01 12 12.4901 7.4903 5.2991 4.1982 10.8991 7.6829 2.5704
201 1969-09-01 10.63 12.4928 6.1203 4.1627 4.2009 10.6681 6.5425 2.5631
202 1969-10-01 11.13 12.4954 6.6203 3.8367 4.2035 11.4968 6.9582 2.5558
203 1969-11-01 11.83 12.4981 7.3203 2.9689 4.2062 13.0672 7.5552 2.5485
204 1969-12-01 12.53 12.5007 8.0203 2.8558 4.2088 13.883 8.0797 2.5412
205 1970-01-01 13.15 12.5034 8.6403 4.0301 4.2115 13.3314 8.4569 2.5339
206 1970-02-01 10.71 10.628 8.0784 1.7434 2.336 11.3027 8.2518 2.5266
207 1970-03-01 11.69 10.6306 9.0584 2.3719 2.3387 11.6568 8.7365 2.5193
208 1970-04-01 12.86 10.6333 10.2284 3.5885 2.3414 11.6129 9.364 2.512
209 1970-05-01 10.43 10.6359 7.7984 1.9421 2.344 10.832 8.1048 2.5048
210 1970-06-01 9.46 10.6386 6.8284 1.3749 2.3467 10.4318 7.2558 2.4975
211 1970-07-01 8.44 10.6412 5.8084 1.183 2.3493 9.6063 6.2204 2.4902
212 1970-08-01 8.88 10.6439 6.2484 2.1791 2.352 9.0529 6.6659 2.4829
213 1970-09-01 9.99 10.6466 7.3584 3.5227 2.3546 8.8219 7.7459 2.4756
214 1970-10-01 9.68 10.6492 7.0484 2.3867 2.3573 9.6506 7.4766 2.4683
215 1970-11-01 12.18 10.6519 9.5484 3.3189 2.36 11.221 8.8121 2.461
216 1970-12-01 14.01 10.6545 11.3784 4.3358 2.3626 12.0368 10.4285 2.4537
217 1971-01-01 11.88 10.6572 9.2484 2.7601 2.3653 11.4852 8.8401 2.4465
218 1971-02-01 10.7 10.6598 8.0684 1.7334 2.3679 11.3346 8.2918 2.4392
219 1971-03-01 15.74 10.6625 13.1084 6.4219 2.3706 11.6887 12.1145 2.4319
220 1971-04-01 11.56 10.6652 8.9284 2.2885 2.3732 11.6448 8.8483 2.4246
221 1971-05-01 10.79 10.6678 8.1584 2.3021 2.3759 10.8638 8.2763 2.4173
222 1971-06-01 9.87 10.6705 7.2384 1.7849 2.3786 10.4637 7.6619 2.41
223 1971-07-01 7.74 10.6731 5.1084 0.483 2.3812 9.6382 5.5181 2.4027
224 1971-08-01 8.76 10.6758 6.1284 2.0591 2.3839 9.0848 6.5415 2.3954
225 1971-09-01 9.1 10.6784 6.4684 2.6327 2.3865 8.8538 6.8896 2.3881
226 1971-10-01 10.11 10.6811 7.4784 2.8167 2.3892 9.6825 7.8446 2.3809
227 1971-11-01 12.19 10.6838 9.5584 3.3289 2.3918 11.2529 8.8979 2.3736
228 1971-12-01 11.66 10.6864 9.0284 1.9858 2.3945 12.0687 8.8721 2.3663
229 1972-01-01 13.58 10.6891 10.9484 4.4601 2.3972 11.5171 10.0351 2.359
230 1972-02-01 11.23 10.6917 8.5984 2.2634 2.3998 11.3664 8.5895 2.3517
231 1972-03-01 10.53 10.6944 7.8984 1.2119 2.4025 11.7206 8.1661 2.3444
232 1972-04-01 11.74 10.697 9.1084 2.4685 2.4051 11.6767 8.8711 2.3371
233 1972-05-01 9.45 10.6997 6.8184 0.9621 2.4078 10.8957 7.2436 2.3298
234 1972-06-01 8.21 10.7024 5.5784 0.1249 2.4104 10.4955 5.9889 2.3225
235 1972-07-01 8.9 10.705 6.2684 1.643 2.4131 9.6701 6.6828 2.3153
236 1972-08-01 7.35 10.7077 4.7184 0.6491 2.4158 9.1166 5.128 2.308
237 1972-09-01 9.21 10.7103 6.5784 2.7427 2.4184 8.8857 7.0016 2.3007
238 1972-10-01 7.99 10.713 5.3584 0.6967 2.4211 9.7144 5.7684 2.2934
239 1972-11-01 10.98 10.7156 8.3484 2.1189 2.4237 11.2848 8.4056 2.2861
240 1972-12-01 14.3 10.7183 11.6684 4.6258 2.4264 12.1006 10.6934 2.2788
241 1973-01-01 14.81 10.721 12.1784 5.6901 2.429 11.549 11.1885 2.2715
242 1973-02-01 9.68 10.7236 7.0484 0.7134 2.4317 11.3983 7.4788 2.2642
243 1973-03-01 9.93 10.7263 7.2984 0.6119 2.4344 11.7524 7.7139 2.257
244 1973-04-01 9.94 10.7289 7.3084 0.6685 2.437 11.7085 7.7121 2.2497
245 1973-05-01 10.28 10.7316 7.6484 1.7921 2.4397 10.9276 7.9877 2.2424
246 1973-06-01 9.69 10.7342 7.0584 1.6049 2.4423 10.5274 7.4889 2.2351
247 1973-07-01 8.94 10.7369 6.3084 1.683 2.445 9.702 6.7243 2.2278
248 1973-08-01 9.03 10.7396 6.3984 2.3291 2.4476 9.1485 6.8177 2.2205
249 1973-09-01 8.32 10.7422 5.6884 1.8527 2.4503 8.9176 6.0995 2.2132
250 1973-10-01 9.69 10.7449 7.0584 2.3967 2.453 9.7463 7.4877 2.2059
251 1973-11-01 12.92 10.7475 10.2884 4.0589 2.4556 11.3167 9.4836 2.1986
252 1973-12-01 12.17 10.7502 9.5384 2.4958 2.4583 12.1324 8.959 2.1914
253 1974-01-01 15.2 10.7528 12.5684 6.0801 2.4609 11.5809 11.5727 2.1841
254 1974-02-01 12.05 10.7555 9.4184 3.0834 2.4636 11.4302 8.9236 2.1768
255 1974-03-01 10.89 9.2225 9.794 1.5719 0.9306 10.2487 9.8776 2.1695
256 1974-04-01 10.23 9.2252 9.134 0.9585 0.9333 10.2048 8.7583 2.1622
257 1974-05-01 10.53 9.2278 9.434 2.0421 0.9359 9.4238 9.0908 2.1549
258 1974-06-01 9.86 9.2305 8.764 1.7749 0.9386 9.0237 8.3955 2.1476
259 1974-07-01 8.17 9.2331 7.074 0.913 0.9412 8.1982 7.1504 2.1403
260 1974-08-01 6.61 9.2358 5.514 -0.0909 0.9439 7.6448 6.0197 2.1331
261 1974-09-01 7.13 9.2384 6.034 0.6627 0.9465 7.4138 6.4529 2.1258
262 1974-10-01 6.67 9.2411 5.574 -0.6233 0.9492 8.2425 6.0461 2.1185
263 1974-11-01 9.27 9.2438 8.174 0.4089 0.9519 9.8129 8.0834 2.1112
264 1974-12-01 10.89 9.2464 9.794 1.2158 0.9545 10.6287 9.7062 2.1039
265 1975-01-01 10.8 9.2491 9.704 1.6801 0.9572 10.0771 9.4283 2.0966
266 1975-02-01 10.88 9.2517 9.784 1.9134 0.9598 9.9265 9.5978 2.0893
267 1975-03-01 11.98 9.2544 10.884 2.6619 0.9625 10.2806 11.0391 2.082
268 1975-04-01 9.02 9.257 7.924 -0.2515 0.9651 10.2367 7.9013 2.0747
269 1975-05-01 9.48 9.2597 8.384 0.9921 0.9678 9.4557 8.1102 2.0675
270 1975-06-01 9.2 9.2624 8.104 1.1149 0.9705 9.0556 8.0516 2.0602
271 1975-07-01 7.83 9.265 6.734 0.573 0.9731 8.2301 7.0108 2.0529
272 1975-08-01 7.87 9.2677 6.774 1.1691 0.9758 7.6766 6.9755 2.0456
273 1975-09-01 6.11 9.2703 5.014 -0.3573 0.9784 7.4457 5.535 2.0383
274 1975-10-01 9.44 9.273 8.344 2.1467 0.9811 8.2744 8.1363 2.031
275 1975-11-01 10.93 9.2756 9.834 2.0689 0.9837 9.8448 9.8405 2.0237
276 1975-12-01 9 9.2783 7.904 -0.6742 0.9864 10.6606 7.9086 2.0164
277 1976-01-01 7.9 9.281 6.804 -1.2199 0.9891 10.109 6.9365 2.0092
278 1976-02-01 12.28 9.2836 11.184 3.3134 0.9917 9.9583 11.3403 2.0019
279 1976-03-01 11.08 9.2863 9.984 1.7619 0.9944 10.3125 10.1167 1.9946
280 1976-04-01 9 9.2889 7.904 -0.2715 0.997 10.2685 7.9396 1.9873
281 1976-05-01 9.4 9.2916 8.304 0.9121 0.9997 9.4876 8.1609 1.98
282 1976-06-01 9.62 9.2942 8.524 1.5349 1.0023 9.0874 8.193 1.9727
283 1976-07-01 7.41 9.2969 6.314 0.153 1.005 8.262 6.6655 1.9654
284 1976-08-01 6.24 8.2036 6.24 -0.4609 -0.0883 6.6126 6.24 1.9581
285 1976-09-01 5.68 8.2063 5.68 -0.7873 -0.0857 6.3816 5.68 1.9508
286 1976-10-01 6.93 8.2089 6.93 -0.3633 -0.083 7.2103 6.93 1.9436
287 1976-11-01 6.62 8.2116 6.62 -2.2411 -0.0803 8.7807 6.62 1.9363
288 1976-12-01 7.8 8.2142 7.8 -1.8742 -0.0777 9.5965 7.8 1.929
289 1977-01-01 5.89 8.2169 5.89 -3.2299 -0.075 9.0449 5.89 1.9217
290 1977-02-01 9.15 8.2195 9.15 0.1834 -0.0724 8.8943 9.15 1.9144
291 1977-03-01 11.27 8.2222 11.27 1.9519 -0.0697 9.2484 11.27 1.9071
292 1977-04-01 9.47 8.2249 9.47 0.1985 -0.0671 9.2045 9.47 1.8998
293 1977-05-01 10.52 8.2275 10.52 2.0321 -0.0644 8.4235 10.52 1.8925
294 1977-06-01 8.56 8.2302 8.56 0.4749 -0.0617 8.0234 8.56 1.8853
295 1977-07-01 9.38 8.2328 9.38 2.123 -0.0591 7.1979 9.38 1.878
296 1977-08-01 6.89 8.2355 6.89 0.1891 -0.0564 6.6444 6.89 1.8707
297 1977-09-01 6.28 8.2381 6.28 -0.1873 -0.0538 6.4135 6.28 1.8634
298 1977-10-01 8.21 8.2408 8.21 0.9167 -0.0511 7.2422 8.21 1.8561
299 1977-11-01 12.71 8.2435 12.71 3.8489 -0.0485 8.8126 12.71 1.8488
300 1977-12-01 10.03 8.2461 10.03 0.3558 -0.0458 9.6284 10.03 1.8415
301 1978-01-01 7.26 8.2488 7.26 -1.8599 -0.0431 9.0768 7.26 1.8342
302 1978-02-01 8.71 8.2514 8.71 -0.2566 -0.0405 8.9261 8.71 1.8269
303 1978-03-01 7.44 8.2541 7.44 -1.8781 -0.0378 9.2803 7.44 1.8197
304 1978-04-01 9.43 8.2567 9.43 0.1585 -0.0352 9.2363 9.43 1.8124
305 1978-05-01 9.44 8.2594 9.44 0.9521 -0.0325 8.4554 9.44 1.8051
306 1978-06-01 8.02 8.2621 8.02 -0.0651 -0.0299 8.0552 8.02 1.7978
307 1978-07-01 7.15 8.2647 7.15 -0.107 -0.0272 7.2298 7.15 1.7905
308 1978-08-01 7.47 8.2674 7.47 0.7691 -0.0245 6.6763 7.47 1.7832
309 1978-09-01 7.32 8.27 7.32 0.8527 -0.0219 6.4454 7.32 1.7759
310 1978-10-01 5.77 8.2727 5.77 -1.5233 -0.0192 7.2741 5.77 1.7686
311 1978-11-01 9.17 8.2753 9.17 0.3089 -0.0166 8.8445 9.17 1.7613
312 1978-12-01 12.56 8.278 12.56 2.8858 -0.0139 9.6602 12.56 1.7541
313 1979-01-01 8.61 8.2807 8.61 -0.5099 -0.0113 9.1087 8.61 1.7468
314 1979-02-01 10.51 8.2833 10.51 1.5434 -0.0086 8.958 10.51 1.7395
315 1979-03-01 7.98 8.286 7.98 -1.3381 -0.0059 9.3121 7.98 1.7322
316 1979-04-01 8.6 8.2886 8.6 -0.6715 -0.0033 9.2682 8.6 1.7249
317 1979-05-01 8.03 8.2913 8.03 -0.4579 -6e-04 8.4873 8.03 1.7176
318 1979-06-01 9.42 8.2939 9.42 1.3349 0.002 8.0871 9.42 1.7103
319 1979-07-01 7.77 8.2966 7.77 0.513 0.0047 7.2617 7.77 1.703
320 1979-08-01 6.23 8.2993 6.23 -0.4709 0.0073 6.7082 6.23 1.6958
321 1979-09-01 6.92 8.3019 6.92 0.4527 0.01 6.4773 6.92 1.6885
322 1979-10-01 7.32 8.3046 7.32 0.0267 0.0127 7.306 7.32 1.6812
323 1979-11-01 7.49 8.3072 7.49 -1.3711 0.0153 8.8764 7.49 1.6739
324 1979-12-01 11.24 8.3099 11.24 1.5658 0.018 9.6921 11.24 1.6666
325 1980-01-01 11.38 8.3125 11.38 2.2601 0.0206 9.1406 11.38 1.6593
326 1980-02-01 9.9 8.3152 9.9 0.9334 0.0233 8.9899 9.9 1.652
327 1980-03-01 11.34 8.3179 11.34 2.0219 0.0259 9.344 11.34 1.6447
328 1980-04-01 9.95 8.3205 9.95 0.6785 0.0286 9.3001 9.95 1.6374
329 1980-05-01 8.72 8.3232 8.72 0.2321 0.0313 8.5192 8.72 1.6302
330 1980-06-01 7.52 8.3258 7.52 -0.5651 0.0339 8.119 7.52 1.6229
331 1980-07-01 7.19 8.3285 7.19 -0.067 0.0366 7.2936 7.19 1.6156
332 1980-08-01 6.97 8.3311 6.97 0.2691 0.0392 6.7401 6.97 1.6083
333 1980-09-01 6.66 8.3338 6.66 0.1927 0.0419 6.5092 6.66 1.601
334 1980-10-01 5.63 8.3365 5.63 -1.6633 0.0445 7.3379 5.63 1.5937
335 1980-11-01 7.95 8.3391 7.95 -0.9111 0.0472 8.9083 7.95 1.5864
336 1980-12-01 7.85 8.3418 7.85 -1.8242 0.0499 9.724 7.85 1.5791
337 1981-01-01 5.47 8.3444 5.47 -3.6499 0.0525 9.1725 5.47 1.5719
338 1981-02-01 9.52 8.3471 9.52 0.5534 0.0552 9.0218 9.52 1.5646
339 1981-03-01 7.92 8.3497 7.92 -1.3981 0.0578 9.3759 7.92 1.5573
340 1981-04-01 10.97 8.3524 10.97 1.6985 0.0605 9.332 10.97 1.55
341 1981-05-01 6.96 8.3551 6.96 -1.5279 0.0631 8.5511 6.96 1.5427
342 1981-06-01 8.41 8.3577 8.41 0.3249 0.0658 8.1509 8.41 1.5354
343 1981-07-01 6.66 8.3604 6.66 -0.597 0.0685 7.3254 6.66 1.5281
344 1981-08-01 5.65 8.363 5.65 -1.0509 0.0711 6.772 5.65 1.5208
345 1981-09-01 6.65 8.3657 6.65 0.1827 0.0738 6.5411 6.65 1.5135
346 1981-10-01 6.74 8.3683 6.74 -0.5533 0.0764 7.3698 6.74 1.5063
347 1981-11-01 8.44 8.371 8.44 -0.4211 0.0791 8.9402 8.44 1.499
348 1981-12-01 8.48 8.3737 8.48 -1.1942 0.0817 9.7559 8.48 1.4917
349 1982-01-01 8.72 8.3763 8.72 -0.3999 0.0844 9.2043 8.72 1.4844
350 1982-02-01 9.58 8.379 9.58 0.6134 0.0871 9.0537 9.58 1.4771
351 1982-03-01 7.7 8.3816 7.7 -1.6181 0.0897 9.4078 7.7 1.4698
352 1982-04-01 9.31 8.3843 9.31 0.0385 0.0924 9.3639 9.31 1.4625
353 1982-05-01 7.73 8.3869 7.73 -0.7579 0.095 8.583 7.73 1.4552
354 1982-06-01 6.54 8.3896 6.54 -1.5451 0.0977 8.1828 6.54 1.448
355 1982-07-01 6.41 8.3923 6.41 -0.847 0.1003 7.3573 6.41 1.4407
356 1982-08-01 6.34 8.3949 6.34 -0.3609 0.103 6.8039 6.34 1.4334
357 1982-09-01 6.17 8.3976 6.17 -0.2973 0.1057 6.573 6.17 1.4261
358 1982-10-01 7.85 8.4002 7.85 0.5567 0.1083 7.4016 7.85 1.4188
359 1982-11-01 8.1 8.4029 8.1 -0.7611 0.111 8.972 8.1 1.4115
360 1982-12-01 9.99 8.4055 9.99 0.3158 0.1136 9.7878 9.99 1.4042
361 1983-01-01 8.35 8.4082 8.35 -0.7699 0.1163 9.2362 8.35 1.3969
362 1983-02-01 8.82 8.4109 8.82 -0.1466 0.1189 9.0856 8.82 1.3896
363 1983-03-01 8.31 8.4135 8.31 -1.0081 0.1216 9.4397 8.31 1.3824
364 1983-04-01 7.24 8.4162 7.24 -2.0315 0.1243 9.3958 7.24 1.3751
365 1983-05-01 7.15 8.4188 7.15 -1.3379 0.1269 8.6149 7.15 1.3678
366 1983-06-01 8.18 8.4215 8.18 0.0949 0.1296 8.2147 8.18 1.3605
367 1983-07-01 8.28 8.4241 8.28 1.023 0.1322 7.3892 8.28 1.3532
368 1983-08-01 6.85 8.4268 6.85 0.1491 0.1349 6.8358 6.85 1.3459
369 1983-09-01 7.42 8.4295 7.42 0.9527 0.1375 6.6048 7.42 1.3386
370 1983-10-01 6.1 8.4321 6.1 -1.1933 0.1402 7.4335 6.1 1.3313
371 1983-11-01 12.63 8.4348 12.63 3.7689 0.1429 9.0039 12.63 1.324
372 1983-12-01 12.35 8.4374 12.35 2.6758 0.1455 9.8197 12.35 1.3168
373 1984-01-01 8.89 8.4401 8.89 -0.2299 0.1482 9.2681 8.89 1.3095
374 1984-02-01 9.34 8.4427 9.34 0.3734 0.1508 9.1175 9.34 1.3022
375 1984-03-01 8.26 8.4454 8.26 -1.0581 0.1535 9.4716 8.26 1.2949
376 1984-04-01 10.6 8.4481 10.6 1.3285 0.1561 9.4277 10.6 1.2876
377 1984-05-01 9.72 8.4507 9.72 1.2321 0.1588 8.6467 9.72 1.2803
378 1984-06-01 8.21 8.4534 8.21 0.1249 0.1615 8.2466 8.21 1.273
379 1984-07-01 7.62 8.456 7.62 0.363 0.1641 7.4211 7.62 1.2657
380 1984-08-01 7.89 8.4587 7.89 1.1891 0.1668 6.8677 7.89 1.2585
381 1984-09-01 7.14 8.4613 7.14 0.6727 0.1694 6.6367 7.14 1.2512
382 1984-10-01 7.37 8.464 7.37 0.0767 0.1721 7.4654 7.37 1.2439
383 1984-11-01 9.36 8.4667 9.36 0.4989 0.1747 9.0358 9.36 1.2366
384 1984-12-01 7.87 8.4693 7.87 -1.8042 0.1774 9.8516 7.87 1.2293
385 1985-01-01 6.42 8.472 6.42 -2.6999 0.1801 9.3 6.42 1.222
386 1985-02-01 9.68 8.4746 9.68 0.7134 0.1827 9.1493 9.68 1.2147
387 1985-03-01 11.3 8.4773 11.3 1.9819 0.1854 9.5035 11.3 1.2074
388 1985-04-01 9.83 8.4799 9.83 0.5585 0.188 9.4596 9.83 1.2001
389 1985-05-01 9.21 8.4826 9.21 0.7221 0.1907 8.6786 9.21 1.1929
390 1985-06-01 9.66 8.4853 9.66 1.5749 0.1933 8.2785 9.66 1.1856
391 1985-07-01 7.89 8.4879 7.89 0.633 0.196 7.453 7.89 1.1783
392 1985-08-01 8.05 8.4906 8.05 1.3491 0.1987 6.8995 8.05 1.171
393 1985-09-01 7.12 8.4932 7.12 0.6527 0.2013 6.6686 7.12 1.1637
394 1985-10-01 10.07 8.4959 10.07 2.7767 0.204 7.4973 10.07 1.1564
395 1985-11-01 10.56 8.4985 10.56 1.6989 0.2066 9.0677 10.56 1.1491
396 1985-12-01 6.46 8.5012 6.46 -3.2142 0.2093 9.8835 6.46 1.1418
397 1986-01-01 8.63 8.5039 8.63 -0.4899 0.2119 9.3319 8.63 1.1346
398 1986-02-01 7.99 8.5065 7.99 -0.9766 0.2146 9.1812 7.99 1.1273
399 1986-03-01 7.98 8.5092 7.98 -1.3381 0.2173 9.5353 7.98 1.12
400 1986-04-01 8.38 8.5118 8.38 -0.8915 0.2199 9.4914 8.38 1.1127
401 1986-05-01 7.77 8.5145 7.77 -0.7179 0.2226 8.7105 7.77 1.1054
402 1986-06-01 6.65 8.5171 6.65 -1.4351 0.2252 8.3103 6.65 1.0981
403 1986-07-01 8.24 8.5198 8.24 0.983 0.2279 7.4849 8.24 1.0908
404 1986-08-01 5.31 8.5225 5.31 -1.3909 0.2305 6.9314 5.31 1.0835
405 1986-09-01 6.45 8.5251 6.45 -0.0173 0.2332 6.7005 6.45 1.0762
406 1986-10-01 5.68 8.5278 5.68 -1.6133 0.2359 7.5292 5.68 1.069
407 1986-11-01 10.12 8.5304 10.12 1.2589 0.2385 9.0996 10.12 1.0617
408 1986-12-01 8.06 8.5331 8.06 -1.6142 0.2412 9.9153 8.06 1.0544
409 1987-01-01 9.16 8.5357 9.16 0.0401 0.2438 9.3638 9.16 1.0471
410 1987-02-01 8.32 8.5384 8.32 -0.6466 0.2465 9.2131 8.32 1.0398
411 1987-03-01 7.42 8.5411 7.42 -1.8981 0.2491 9.5672 7.42 1.0325
412 1987-04-01 9.28 8.5437 9.28 0.0085 0.2518 9.5233 9.28 1.0252
413 1987-05-01 9.3 8.5464 9.3 0.8121 0.2545 8.7424 9.3 1.0179
414 1987-06-01 8.89 8.549 8.89 0.8049 0.2571 8.3422 8.89 1.0107
415 1987-07-01 8.72 8.5517 8.72 1.463 0.2598 7.5168 8.72 1.0034
416 1987-08-01 6.88 8.5543 6.88 0.1791 0.2624 6.9633 6.88 0.9961
417 1987-09-01 6.47 8.557 6.47 0.0027 0.2651 6.7324 6.47 0.9888
418 1987-10-01 5.93 8.5597 5.93 -1.3633 0.2677 7.5611 5.93 0.9815
419 1987-11-01 7.7 8.5623 7.7 -1.1611 0.2704 9.1315 7.7 0.9742
420 1987-12-01 10.13 8.565 10.13 0.4558 0.2731 9.9472 10.13 0.9669
421 1988-01-01 9.59 8.5676 9.59 0.4701 0.2757 9.3957 9.59 0.9596
422 1988-02-01 7.15 8.5703 7.15 -1.8166 0.2784 9.245 7.15 0.9523
423 1988-03-01 10.36 8.5729 10.36 1.0419 0.281 9.5991 10.36 0.9451
424 1988-04-01 8.64 8.5756 8.64 -0.6315 0.2837 9.5552 8.64 0.9378
425 1988-05-01 9.16 8.5783 9.16 0.6721 0.2863 8.7743 9.16 0.9305
426 1988-06-01 9.47 8.5809 9.47 1.3849 0.289 8.3741 9.47 0.9232
427 1988-07-01 9.15 8.5836 9.15 1.893 0.2917 7.5487 9.15 0.9159
428 1988-08-01 8.15 8.5862 8.15 1.4491 0.2943 6.9952 8.15 0.9086
429 1988-09-01 7.95 8.5889 7.95 1.4827 0.297 6.7643 7.95 0.9013
430 1988-10-01 6.49 8.5915 6.49 -0.8033 0.2996 7.593 6.49 0.894
431 1988-11-01 12.46 8.5942 12.46 3.5989 0.3023 9.1634 12.46 0.8868
432 1988-12-01 9.03 8.5969 9.03 -0.6442 0.3049 9.9791 9.03 0.8795
433 1989-01-01 10.06 8.5995 10.06 0.9401 0.3076 9.4275 10.06 0.8722
434 1989-02-01 12.19 8.6022 12.19 3.2234 0.3103 9.2769 12.19 0.8649
435 1989-03-01 10.06 8.6048 10.06 0.7419 0.3129 9.631 10.06 0.8576
436 1989-04-01 9.72 8.6075 9.72 0.4485 0.3156 9.5871 9.72 0.8503
437 1989-05-01 9.6 8.6101 9.6 1.1121 0.3182 8.8062 9.6 0.843
438 1989-06-01 8 8.6128 8 -0.0851 0.3209 8.406 8 0.8357
439 1989-07-01 8.6 8.6155 8.6 1.343 0.3235 7.5805 8.6 0.8284
440 1989-08-01 7.6 8.6181 7.6 0.8991 0.3262 7.0271 7.6 0.8212
441 1989-09-01 6.97 8.6208 6.97 0.5027 0.3289 6.7962 6.97 0.8139
442 1989-10-01 7.82 8.6234 7.82 0.5267 0.3315 7.6248 7.82 0.8066
443 1989-11-01 9.17 8.6261 9.17 0.3089 0.3342 9.1952 9.17 0.7993
444 1989-12-01 6.45 8.6287 6.45 -3.2242 0.3368 10.011 6.45 0.792
445 1990-01-01 10.8 8.6314 10.8 1.6801 0.3395 9.4594 10.8 0.7847
446 1990-02-01 11.14 8.6341 11.14 2.1734 0.3421 9.3088 11.14 0.7774
447 1990-03-01 8.58 8.6367 8.58 -0.7381 0.3448 9.6629 8.58 0.7701
448 1990-04-01 9.43 8.6394 9.43 0.1585 0.3475 9.619 9.43 0.7628
449 1990-05-01 9.21 8.642 9.21 0.7221 0.3501 8.8381 9.21 0.7556
450 1990-06-01 8.71 8.6447 8.71 0.6249 0.3528 8.4379 8.71 0.7483
451 1990-07-01 7.42 8.6473 7.42 0.163 0.3554 7.6124 7.42 0.741
452 1990-08-01 7.63 8.65 7.63 0.9291 0.3581 7.059 7.63 0.7337
453 1990-09-01 6.01 8.6527 6.01 -0.4573 0.3607 6.828 6.01 0.7264
454 1990-10-01 10.17 8.6553 10.17 2.8767 0.3634 7.6567 10.17 0.7191
455 1990-11-01 9.8 8.658 9.8 0.9389 0.3661 9.2271 9.8 0.7118
456 1990-12-01 11.87 8.6606 11.87 2.1958 0.3687 10.0429 11.87 0.7045
457 1991-01-01 7.69 8.6633 7.69 -1.4299 0.3714 9.4913 7.69 0.6973
458 1991-02-01 8.63 8.6659 8.63 -0.3366 0.374 9.3407 8.63 0.69
459 1991-03-01 8.99 8.6686 8.99 -0.3281 0.3767 9.6948 8.99 0.6827
460 1991-04-01 9.37 8.6713 9.37 0.0985 0.3793 9.6509 9.37 0.6754
461 1991-05-01 9.27 8.6739 9.27 0.7821 0.382 8.8699 9.27 0.6681
462 1991-06-01 8.36 8.6766 8.36 0.2749 0.3847 8.4698 8.36 0.6608
463 1991-07-01 8.12 8.6792 8.12 0.863 0.3873 7.6443 8.12 0.6535
464 1991-08-01 7.3 8.6819 7.3 0.5991 0.39 7.0909 7.3 0.6462
465 1991-09-01 5.92 8.6845 5.92 -0.5473 0.3926 6.8599 5.92 0.6389
466 1991-10-01 7.53 8.6872 7.53 0.2367 0.3953 7.6886 7.53 0.6317
467 1991-11-01 9.52 8.6899 9.52 0.6589 0.398 9.259 9.52 0.6244
468 1991-12-01 8.66 8.6925 8.66 -1.0142 0.4006 10.0748 8.66 0.6171
469 1992-01-01 10.19 8.6952 10.19 1.0701 0.4033 9.5232 10.19 0.6098
470 1992-02-01 7.43 8.6978 7.43 -1.5366 0.4059 9.3726 7.43 0.6025
471 1992-03-01 6.31 8.7005 6.31 -3.0081 0.4086 9.7267 6.31 0.5952
472 1992-04-01 9.41 8.7031 9.41 0.1385 0.4112 9.6828 9.41 0.5879
473 1992-05-01 8.78 8.7058 8.78 0.2921 0.4139 8.9018 8.78 0.5806
474 1992-06-01 7.45 8.7085 7.45 -0.6351 0.4166 8.5017 7.45 0.5734
475 1992-07-01 7.07 8.7111 7.07 -0.187 0.4192 7.6762 7.07 0.5661
476 1992-08-01 6.57 8.7138 6.57 -0.1309 0.4219 7.1227 6.57 0.5588
477 1992-09-01 8.55 8.7164 8.55 2.0827 0.4245 6.8918 8.55 0.5515
478 1992-10-01 7.42 8.7191 7.42 0.1267 0.4272 7.7205 7.42 0.5442
479 1992-11-01 7.93 8.7217 7.93 -0.9311 0.4298 9.2909 7.93 0.5369
480 1992-12-01 11.64 8.7244 11.64 1.9658 0.4325 10.1067 11.64 0.5296
481 1993-01-01 10.05 8.7271 10.05 0.9301 0.4352 9.5551 10.05 0.5223
482 1993-02-01 9.04 8.7297 9.04 0.0734 0.4378 9.4044 9.04 0.515
483 1993-03-01 8.59 8.7324 8.59 -0.7281 0.4405 9.7586 8.59 0.5078
484 1993-04-01 9.11 8.735 9.11 -0.1615 0.4431 9.7146 9.11 0.5005
485 1993-05-01 8.58 8.7377 8.58 0.0921 0.4458 8.9337 8.58 0.4932
486 1993-06-01 9.73 8.7403 9.73 1.6449 0.4484 8.5335 9.73 0.4859
487 1993-07-01 8.96 8.743 8.96 1.703 0.4511 7.7081 8.96 0.4786
488 1993-08-01 7.19 8.7457 7.19 0.4891 0.4538 7.1546 7.19 0.4713
489 1993-09-01 6.02 8.7483 6.02 -0.4473 0.4564 6.9237 6.02 0.464
490 1993-10-01 6.06 8.751 6.06 -1.2333 0.4591 7.7524 6.06 0.4567
491 1993-11-01 10.11 8.7536 10.11 1.2489 0.4617 9.3228 10.11 0.4495
492 1993-12-01 9.33 8.7563 9.33 -0.3442 0.4644 10.1385 9.33 0.4422
493 1994-01-01 7.23 8.7589 7.23 -1.8899 0.467 9.587 7.23 0.4349
494 1994-02-01 10.45 8.7616 10.45 1.4834 0.4697 9.4363 10.45 0.4276
495 1994-03-01 9.15 8.7643 9.15 -0.1681 0.4724 9.7904 9.15 0.4203
496 1994-04-01 8.28 8.7669 8.28 -0.9915 0.475 9.7465 8.28 0.413
497 1994-05-01 9.32 8.7696 9.32 0.8321 0.4777 8.9656 9.32 0.4057
498 1994-06-01 8.39 8.7722 8.39 0.3049 0.4803 8.5654 8.39 0.3984
499 1994-07-01 7.66 8.7749 7.66 0.403 0.483 7.74 7.66 0.3911
500 1994-08-01 7.92 8.7775 7.92 1.2191 0.4856 7.1865 7.92 0.3839
501 1994-09-01 6.56 8.7802 6.56 0.0927 0.4883 6.9556 6.56 0.3766
502 1994-10-01 7.9 8.7829 7.9 0.6067 0.491 7.7843 7.9 0.3693
503 1994-11-01 11.96 8.7855 11.96 3.0989 0.4936 9.3547 11.96 0.362
504 1994-12-01 11.43 8.7882 11.43 1.7558 0.4963 10.1704 11.43 0.3547
505 1995-01-01 8.54 8.7908 8.54 -0.5799 0.4989 9.6189 8.54 0.3474
506 1995-02-01 10.15 8.7935 10.15 1.1834 0.5016 9.4682 10.15 0.3401
507 1995-03-01 9.89 8.7961 9.89 0.5719 0.5042 9.8223 9.89 0.3328
508 1995-04-01 8.84 8.7988 8.84 -0.4315 0.5069 9.7784 8.84 0.3256
509 1995-05-01 7.95 8.8015 7.95 -0.5379 0.5096 8.9975 7.95 0.3183
510 1995-06-01 7.89 8.8041 7.89 -0.1951 0.5122 8.5973 7.89 0.311
511 1995-07-01 8.57 8.8068 8.57 1.313 0.5149 7.7719 8.57 0.3037
512 1995-08-01 8.32 8.8094 8.32 1.6191 0.5175 7.2184 8.32 0.2964
513 1995-09-01 6.55 8.8121 6.55 0.0827 0.5202 6.9875 6.55 0.2891
514 1995-10-01 8.14 8.8147 8.14 0.8467 0.5228 7.8162 8.14 0.2818
515 1995-11-01 9.73 8.8174 9.73 0.8689 0.5255 9.3866 9.73 0.2745
516 1995-12-01 9.16 8.8201 9.16 -0.5142 0.5282 10.2023 9.16 0.2672
517 1996-01-01 10.29 8.8227 10.29 1.1701 0.5308 9.6507 10.29 0.26
518 1996-02-01 9.53 8.8254 9.53 0.5634 0.5335 9.5001 9.53 0.2527
519 1996-03-01 9.06 8.828 9.06 -0.2581 0.5361 9.8542 9.06 0.2454
520 1996-04-01 9.38 8.8307 9.38 0.1085 0.5388 9.8103 9.38 0.2381
521 1996-05-01 9.52 8.8333 9.52 1.0321 0.5414 9.0294 9.52 0.2308
522 1996-06-01 9.59 8.836 9.59 1.5049 0.5441 8.6292 9.59 0.2235
523 1996-07-01 7.26 8.8387 7.26 0.003 0.5468 7.8037 7.26 0.2162
524 1996-08-01 7.75 8.8413 7.75 1.0491 0.5494 7.2503 7.75 0.2089
525 1996-09-01 5.79 8.844 5.79 -0.6773 0.5521 7.0194 5.79 0.2016
526 1996-10-01 7.04 8.8466 7.04 -0.2533 0.5547 7.8481 7.04 0.1944
527 1996-11-01 7.14 8.8493 7.14 -1.7211 0.5574 9.4184 7.14 0.1871
528 1996-12-01 11.14 8.8519 11.14 1.4658 0.56 10.2342 11.14 0.1798
529 1997-01-01 7.2 8.8546 7.2 -1.9199 0.5627 9.6826 7.2 0.1725
530 1997-02-01 6.94 8.8573 6.94 -2.0266 0.5654 9.532 6.94 0.1652
531 1997-03-01 11.78 8.8599 11.78 2.4619 0.568 9.8861 11.78 0.1579
532 1997-04-01 9.11 8.8626 9.11 -0.1615 0.5707 9.8422 9.11 0.1506
533 1997-05-01 7.74 8.8652 7.74 -0.7479 0.5733 9.0613 7.74 0.1433
534 1997-06-01 8.93 8.8679 8.93 0.8449 0.576 8.6611 8.93 0.1361
535 1997-07-01 8.45 8.8705 8.45 1.193 0.5786 7.8356 8.45 0.1288
536 1997-08-01 6.4 8.8732 6.4 -0.3009 0.5813 7.2822 6.4 0.1215
537 1997-09-01 7.54 8.8759 7.54 1.0727 0.584 7.0512 7.54 0.1142
538 1997-10-01 9.38 8.8785 9.38 2.0867 0.5866 7.8799 9.38 0.1069
539 1997-11-01 7.59 8.8812 7.59 -1.2711 0.5893 9.4503 7.59 0.0996
540 1997-12-01 9.95 8.8838 9.95 0.2758 0.5919 10.2661 9.95 0.0923
541 1998-01-01 11.05 8.8865 11.05 1.9301 0.5946 9.7145 11.05 0.085
542 1998-02-01 10.19 8.8892 10.19 1.2234 0.5972 9.5639 10.19 0.0777
543 1998-03-01 7.83 8.8918 7.83 -1.4881 0.5999 9.918 7.83 0.0705
544 1998-04-01 9.08 8.8945 9.08 -0.1915 0.6026 9.8741 9.08 0.0632
545 1998-05-01 8.9 8.8971 8.9 0.4121 0.6052 9.0931 8.9 0.0559
546 1998-06-01 8.47 8.8998 8.47 0.3849 0.6079 8.693 8.47 0.0486
547 1998-07-01 7.06 8.9024 7.06 -0.197 0.6105 7.8675 7.06 0.0413
548 1998-08-01 7.71 8.9051 7.71 1.0091 0.6132 7.3141 7.71 0.034
549 1998-09-01 5.99 8.9078 5.99 -0.4773 0.6158 7.0831 5.99 0.0267
550 1998-10-01 7.67 8.9104 7.67 0.3767 0.6185 7.9118 7.67 0.0194
551 1998-11-01 11.88 8.9131 11.88 3.0189 0.6212 9.4822 11.88 0.0122
552 1998-12-01 -999.99 -999.99 -999.99 -999.99 -999.99 -999.99 -999.99 -999.99
553 1999-01-01 10.21 8.9184 10.21 1.0901 0.6265 9.7464 10.21 -0.0024
554 1999-02-01 -999.99 -999.99 -999.99 -999.99 -999.99 -999.99 -999.99 -999.99
555 1999-03-01 -999.99 -999.99 -999.99 -999.99 -999.99 -999.99 -999.99 -999.99
556 1999-04-01 11.66 8.9264 11.66 2.3885 0.6344 9.906 11.66 -0.0243
557 1999-05-01 11.93 8.929 11.93 3.4421 0.6371 9.125 11.93 -0.0316
558 1999-06-01 11.18 8.9317 11.18 3.0949 0.6398 8.7249 11.18 -0.0389
559 1999-07-01 9.34 8.9343 9.34 2.083 0.6424 7.8994 9.34 -0.0462
560 1999-08-01 9.23 8.937 9.23 2.5291 0.6451 7.3459 9.23 -0.0534
561 1999-09-01 8.2 8.9396 8.2 1.7327 0.6477 7.115 8.2 -0.0607
562 1999-10-01 8.38 8.9423 8.38 1.0867 0.6504 7.9437 8.38 -0.068
563 1999-11-01 8.05 8.945 8.05 -0.8111 0.653 9.5141 8.05 -0.0753
564 1999-12-01 9.99 8.9476 9.99 0.3158 0.6557 10.3299 9.99 -0.0826
565 2000-01-01 9.09 8.9503 9.09 -0.0299 0.6584 9.7783 9.09 -0.0899
566 2000-02-01 7.39 8.9529 7.39 -1.5766 0.661 9.6276 7.39 -0.0972
567 2000-03-01 9.2 8.9556 9.2 -0.1181 0.6637 9.9818 9.2 -0.1045
568 2000-04-01 9.67 8.9582 9.67 0.3985 0.6663 9.9378 9.67 -0.1117
569 2000-05-01 10.21 8.9609 10.21 1.7221 0.669 9.1569 10.21 -0.119
570 2000-06-01 9.52 8.9636 9.52 1.4349 0.6716 8.7567 9.52 -0.1263
571 2000-07-01 9.26 8.9662 9.26 2.003 0.6743 7.9313 9.26 -0.1336
572 2000-08-01 9.2 8.9689 9.2 2.4991 0.677 7.3778 9.2 -0.1409
573 2000-09-01 8.27 8.9715 8.27 1.8027 0.6796 7.1469 8.27 -0.1482
574 2000-10-01 8.57 8.9742 8.57 1.2767 0.6823 7.9756 8.57 -0.1555
575 2000-11-01 7.57 8.9768 7.57 -1.2911 0.6849 9.546 7.57 -0.1628
576 2000-12-01 9.13 8.9795 9.13 -0.5442 0.6876 10.3617 9.13 -0.1701
577 2001-01-01 7.68 8.9822 7.68 -1.4399 0.6902 9.8102 7.68 -0.1773
578 2001-02-01 9.1 8.9848 9.1 0.1334 0.6929 9.6595 9.1 -0.1846
579 2001-03-01 10.31 8.9875 10.31 0.9919 0.6956 10.0136 10.31 -0.1919
580 2001-04-01 11.63 8.9901 11.63 2.3585 0.6982 9.9697 11.63 -0.1992
581 2001-05-01 10.06 8.9928 10.06 1.5721 0.7009 9.1888 10.06 -0.2065
582 2001-06-01 11.07 8.9954 11.07 2.9849 0.7035 8.7886 11.07 -0.2138
583 2001-07-01 9.19 8.9981 9.19 1.933 0.7062 7.9632 9.19 -0.2211
584 2001-08-01 8.39 9.0008 8.39 1.6891 0.7088 7.4097 8.39 -0.2284
585 2001-09-01 7.74 9.0034 7.74 1.2727 0.7115 7.1788 7.74 -0.2356
586 2001-10-01 10.19 9.0061 10.19 2.8967 0.7142 8.0075 10.19 -0.2429
587 2001-11-01 8.82 9.0087 8.82 -0.0411 0.7168 9.5779 8.82 -0.2502
588 2001-12-01 11.71 9.0114 11.71 2.0358 0.7195 10.3936 11.71 -0.2575
589 2002-01-01 9.48 9.014 9.48 0.3601 0.7221 9.8421 9.48 -0.2648
590 2002-02-01 9.46 9.0167 9.46 0.4934 0.7248 9.6914 9.46 -0.2721
591 2002-03-01 12.58 9.0194 12.58 3.2619 0.7274 10.0455 12.58 -0.2794
592 2002-04-01 10.73 9.022 10.73 1.4585 0.7301 10.0016 10.73 -0.2867
593 2002-05-01 10.17 9.0247 10.17 1.6821 0.7328 9.2207 10.17 -0.294
594 2002-06-01 9.36 9.0273 9.36 1.2749 0.7354 8.8205 9.36 -0.3012
595 2002-07-01 7.85 9.03 7.85 0.593 0.7381 7.9951 7.85 -0.3085
596 2002-08-01 7.22 9.0326 7.22 0.5191 0.7407 7.4416 7.22 -0.3158
597 2002-09-01 7.98 9.0353 7.98 1.5127 0.7434 7.2107 7.98 -0.3231
598 2002-10-01 6.01 9.038 6.01 -1.2833 0.746 8.0394 6.01 -0.3304
599 2002-11-01 8.31 9.0406 8.31 -0.5511 0.7487 9.6098 8.31 -0.3377
600 2002-12-01 11.11 9.0433 11.11 1.4358 0.7514 10.4255 11.11 -0.345
601 2003-01-01 9.03 9.0459 9.03 -0.0899 0.754 9.874 9.03 -0.3523
602 2003-02-01 7.93 9.0486 7.93 -1.0366 0.7567 9.7233 7.93 -0.3596
603 2003-03-01 10.92 9.0512 10.92 1.6019 0.7593 10.0774 10.92 -0.3668
604 2003-04-01 10 9.0539 10 0.7285 0.762 10.0335 10 -0.3741
605 2003-05-01 9.52 9.0566 9.52 1.0321 0.7646 9.2526 9.52 -0.3814
606 2003-06-01 9.29 9.0592 9.29 1.2049 0.7673 8.8524 9.29 -0.3887
607 2003-07-01 8.34 9.0619 8.34 1.083 0.77 8.0269 8.34 -0.396
608 2003-08-01 7.49 9.0645 7.49 0.7891 0.7726 7.4735 7.49 -0.4033
609 2003-09-01 7 9.0672 7 0.5327 0.7753 7.2426 7 -0.4106
610 2003-10-01 10.22 9.0698 10.22 2.9267 0.7779 8.0713 10.22 -0.4179
611 2003-11-01 9.95 9.0725 9.95 1.0889 0.7806 9.6417 9.95 -0.4251
612 2003-12-01 10.92 9.0752 10.92 1.2458 0.7832 10.4574 10.92 -0.4324
613 2004-01-01 10.48 9.0778 10.48 1.3601 0.7859 9.9058 10.48 -0.4397
614 2004-02-01 8.63 9.0805 8.63 -0.3366 0.7886 9.7552 8.63 -0.447
615 2004-03-01 11.26 9.0831 11.26 1.9419 0.7912 10.1093 11.26 -0.4543
616 2004-04-01 9.7 9.0858 9.7 0.4285 0.7939 10.0654 9.7 -0.4616
617 2004-05-01 9.85 9.0884 9.85 1.3621 0.7965 9.2845 9.85 -0.4689
618 2004-06-01 9.31 9.0911 9.31 1.2249 0.7992 8.8843 9.31 -0.4762
619 2004-07-01 9.15 9.0938 9.15 1.893 0.8018 8.0588 9.15 -0.4835
620 2004-08-01 8.17 9.0964 8.17 1.4691 0.8045 7.5054 8.17 -0.4907
621 2004-09-01 8.08 9.0991 8.08 1.6127 0.8072 7.2744 8.08 -0.498
622 2004-10-01 8.99 9.1017 8.99 1.6967 0.8098 8.1031 8.99 -0.5053
623 2004-11-01 8.71 9.1044 8.71 -0.1511 0.8125 9.6735 8.71 -0.5126
624 2004-12-01 8.74 9.107 8.74 -0.9342 0.8151 10.4893 8.74 -0.5199
625 2005-01-01 9.48 9.1097 9.48 0.3601 0.8178 9.9377 9.48 -0.5272
626 2005-02-01 8.7 9.1124 8.7 -0.2666 0.8204 9.7871 8.7 -0.5345
627 2005-03-01 9.77 9.115 9.77 0.4519 0.8231 10.1412 9.77 -0.5418
628 2005-04-01 11.13 9.1177 11.13 1.8585 0.8258 10.0973 11.13 -0.549
629 2005-05-01 9.06 9.1203 9.06 0.5721 0.8284 9.3163 9.06 -0.5563
630 2005-06-01 9.71 9.123 9.71 1.6249 0.8311 8.9162 9.71 -0.5636
631 2005-07-01 9.08 9.1256 9.08 1.823 0.8337 8.0907 9.08 -0.5709
632 2005-08-01 7.82 9.1283 7.82 1.1191 0.8364 7.5373 7.82 -0.5782
633 2005-09-01 7.93 9.131 7.93 1.4627 0.839 7.3063 7.93 -0.5855
634 2005-10-01 8.69 9.1336 8.69 1.3967 0.8417 8.135 8.69 -0.5928
635 2005-11-01 9.55 9.1363 9.55 0.6889 0.8444 9.7054 9.55 -0.6001
636 2005-12-01 10.19 9.1389 10.19 0.5158 0.847 10.5212 10.19 -0.6074
