"id" "date" "base" "base_trend+meanShift.ref" "base_mean_adj.ref" "base_trend+meanShift.base" "base_mean_adj.base" "base_anomaly" "fit_of_base_anomaly" "annualC+meanShifts" "QM_adjusted" "fit_of_deseason_base"
1 1954-01-01 6.45 7.4228 6.719 7.4522 7.1659 0.2534 -0.3292 5.8674 6.8517 -1.9914
2 1954-02-01 7.92 7.4222 8.189 7.451 8.6359 0.8334 -0.3304 6.7562 8.3217 -1.9891
3 1954-03-01 8.03 7.4215 8.299 7.4497 8.7459 -0.6374 -0.3317 8.3357 8.4317 -1.9869
4 1954-04-01 9.28 7.4209 9.549 7.4484 9.9959 -0.0341 -0.333 8.9811 9.6817 -1.9847
5 1954-05-01 8.37 7.4202 8.639 7.4472 9.0859 -0.7479 -0.3342 8.7837 8.7717 -1.9824
6 1954-06-01 7.17 7.4195 7.439 7.4459 7.8859 -1.5971 -0.3355 8.4316 7.5717 -1.9802
7 1954-07-01 7.85 7.4189 8.119 7.4446 8.5659 -0.812 -0.3368 8.3252 8.2517 -1.978
8 1954-08-01 6.01 7.4182 6.279 7.4434 6.7259 -2.1157 -0.338 7.7877 6.4117 -1.9757
9 1954-09-01 5.85 7.4176 6.119 7.4421 6.5659 -1.3946 -0.3393 6.9053 6.2517 -1.9735
10 1954-10-01 6.43 7.4169 6.699 7.4409 7.1459 -0.5564 -0.3406 6.6458 6.8317 -1.9713
11 1954-11-01 6.94 7.4162 7.209 7.4396 7.6559 0.2835 -0.3418 6.3147 7.3417 -1.969
12 1954-12-01 8.65 7.4156 8.919 7.4383 9.3659 2.098 -0.3431 6.2089 9.0517 -1.9668
13 1955-01-01 6.22 7.4149 6.489 7.4371 6.9359 0.0234 -0.3444 5.8523 6.6217 -1.9646
14 1955-02-01 7.64 7.4142 7.909 7.4358 8.3559 0.5534 -0.3456 6.741 8.0417 -1.9623
15 1955-03-01 9.3 7.4136 9.569 7.4345 10.0159 0.6326 -0.3469 8.3205 9.7017 -1.9601
16 1955-04-01 9.63 7.4129 9.899 7.4333 10.3459 0.3159 -0.3482 8.9659 10.0317 -1.9579
17 1955-05-01 9.26 7.4123 9.529 7.432 9.9759 0.1421 -0.3494 8.7685 9.6617 -1.9556
18 1955-06-01 7.9 7.4116 8.169 7.4307 8.6159 -0.8671 -0.3507 8.4164 8.3017 -1.9534
19 1955-07-01 7.07 7.4109 7.339 7.4295 7.7859 -1.592 -0.352 8.31 7.4717 -1.9512
20 1955-08-01 7.27 7.4103 7.539 7.4282 7.9859 -0.8557 -0.3532 7.7725 7.6717 -1.9489
21 1955-09-01 6.74 7.4096 7.009 7.4269 7.4559 -0.5046 -0.3545 6.8901 7.1417 -1.9467
22 1955-10-01 6.82 7.409 7.089 7.4257 7.5359 -0.1664 -0.3557 6.6306 7.2217 -1.9445
23 1955-11-01 7.51 7.4083 7.779 7.4244 8.2259 0.8535 -0.357 6.2995 7.9117 -1.9422
24 1955-12-01 6.08 7.4076 6.349 7.4231 6.7959 -0.472 -0.3583 6.1937 6.4817 -1.94
25 1956-01-01 6.66 7.407 6.929 7.4219 7.3759 0.4634 -0.3595 5.8371 7.0617 -1.9378
26 1956-02-01 6.91 7.4063 7.179 7.4206 7.6259 -0.1766 -0.3608 6.7258 7.3117 -1.9355
27 1956-03-01 9.45 7.4057 9.719 7.4193 10.1659 0.7826 -0.3621 8.3053 9.8517 -1.9333
28 1956-04-01 8.76 7.405 9.029 7.4181 9.4759 -0.5541 -0.3633 8.9507 9.1617 -1.9311
29 1956-05-01 9.41 7.4043 9.679 7.4168 10.1259 0.2921 -0.3646 8.7533 9.8117 -1.9288
30 1956-06-01 7.73 7.4037 7.999 7.4155 8.4459 -1.0371 -0.3659 8.4013 8.1317 -1.9266
31 1956-07-01 8.38 7.403 8.649 7.4143 9.0959 -0.282 -0.3671 8.2948 8.7817 -1.9244
32 1956-08-01 7.04 7.4023 7.309 7.413 7.7559 -1.0857 -0.3684 7.7573 7.4417 -1.9222
33 1956-09-01 6.96 7.4017 7.229 7.4117 7.6759 -0.2846 -0.3697 6.8749 7.3617 -1.9199
34 1956-10-01 7.45 7.401 7.719 7.4105 8.1659 0.4636 -0.3709 6.6154 7.8517 -1.9177
35 1956-11-01 5.16 7.4004 5.429 7.4092 5.8759 -1.4965 -0.3722 6.2843 5.5617 -1.9155
36 1956-12-01 6.57 7.3997 6.839 7.4079 7.2859 0.018 -0.3735 6.1785 6.9717 -1.9132
37 1957-01-01 5.57 7.399 5.839 7.4067 6.2859 -0.6266 -0.3747 5.8219 5.9717 -1.911
38 1957-02-01 7.38 7.3984 7.649 7.4054 8.0959 0.2934 -0.376 6.7106 7.7817 -1.9088
39 1957-03-01 8.05 7.3977 8.319 7.4041 8.7659 -0.6174 -0.3773 8.2901 8.4517 -1.9065
40 1957-04-01 7.78 7.3971 8.049 7.4029 8.4959 -1.5341 -0.3785 8.9355 8.1817 -1.9043
41 1957-05-01 7.39 7.3964 7.659 7.4016 8.1059 -1.7279 -0.3798 8.7381 7.7917 -1.9021
42 1957-06-01 8 7.3957 8.269 7.4004 8.7159 -0.7671 -0.3811 8.3861 8.4017 -1.8998
43 1957-07-01 7.49 7.3951 7.759 7.3991 8.2059 -1.172 -0.3823 8.2797 7.8917 -1.8976
44 1957-08-01 6.56 7.3944 6.829 7.3978 7.2759 -1.5657 -0.3836 7.7422 6.9617 -1.8954
45 1957-09-01 6.38 7.3937 6.649 7.3966 7.0959 -0.8646 -0.3849 6.8597 6.7817 -1.8931
46 1957-10-01 6.49 7.3931 6.759 7.3953 7.2059 -0.4964 -0.3861 6.6003 6.8917 -1.8909
47 1957-11-01 6.16 7.3924 6.429 7.394 6.8759 -0.4965 -0.3874 6.2692 6.5617 -1.8887
48 1957-12-01 9.31 7.3918 9.579 7.3928 10.0259 2.758 -0.3887 6.1633 9.7117 -1.8864
49 1958-01-01 6.67 7.3911 6.939 7.3915 7.3859 0.4734 -0.3899 5.8067 7.0717 -1.8842
50 1958-02-01 5.63 7.3904 5.899 7.3902 6.3459 -1.4566 -0.3912 6.6954 6.0317 -1.882
51 1958-03-01 7.55 7.3898 7.819 7.389 8.2659 -1.1174 -0.3925 8.2749 7.9517 -1.8797
52 1958-04-01 8.71 7.3891 8.979 7.3877 9.4259 -0.6041 -0.3937 8.9203 9.1117 -1.8775
53 1958-05-01 7.8 7.3885 8.069 7.3864 8.5159 -1.3179 -0.395 8.7229 8.2017 -1.8753
54 1958-06-01 7.13 7.3878 7.399 7.3852 7.8459 -1.6371 -0.3963 8.3709 7.5317 -1.873
55 1958-07-01 7.83 7.3871 8.099 7.3839 8.5459 -0.832 -0.3975 8.2645 8.2317 -1.8708
56 1958-08-01 7.67 7.3865 7.939 7.3826 8.3859 -0.4557 -0.3988 7.727 8.0717 -1.8686
57 1958-09-01 7.3 7.3858 7.569 7.3814 8.0159 0.0554 -0.4 6.8445 7.7017 -1.8663
58 1958-10-01 6.12 7.3852 6.389 7.3801 6.8359 -0.8664 -0.4013 6.5851 6.5217 -1.8641
59 1958-11-01 7.22 7.3845 7.489 7.3788 7.9359 0.5635 -0.4026 6.254 7.6217 -1.8619
60 1958-12-01 6.43 7.3838 6.699 7.3776 7.1459 -0.122 -0.4038 6.1481 6.8317 -1.8596
61 1959-01-01 7.37 7.3832 7.639 7.3763 8.0859 1.1734 -0.4051 5.7915 7.7717 -1.8574
62 1959-02-01 6.9 7.3825 7.169 7.375 7.6159 -0.1866 -0.4064 6.6802 7.3017 -1.8552
63 1959-03-01 8.73 7.3818 8.999 7.3738 9.4459 0.0626 -0.4076 8.2598 9.1317 -1.853
64 1959-04-01 8.44 7.3812 8.709 7.3725 9.1559 -0.8741 -0.4089 8.9052 8.8417 -1.8507
65 1959-05-01 7.8 7.3805 8.069 7.3712 8.5159 -1.3179 -0.4102 8.7077 8.2017 -1.8485
66 1959-06-01 7.81 7.3799 8.079 7.37 8.5259 -0.9571 -0.4114 8.3557 8.2117 -1.8463
67 1959-07-01 8.54 7.3792 8.809 7.3687 9.2559 -0.122 -0.4127 8.2493 8.9417 -1.844
68 1959-08-01 7.6 7.3785 7.869 7.3674 8.3159 -0.5257 -0.414 7.7118 8.0017 -1.8418
69 1959-09-01 6.57 7.3779 6.839 7.3662 7.2859 -0.6746 -0.4152 6.8294 6.9717 -1.8396
70 1959-10-01 5.92 7.3772 6.189 7.3649 6.6359 -1.0664 -0.4165 6.5699 6.3217 -1.8373
71 1959-11-01 6.58 7.3766 6.849 7.3636 7.2959 -0.0765 -0.4178 6.2388 6.9817 -1.8351
72 1959-12-01 6.4 7.3759 6.669 7.3624 7.1159 -0.152 -0.419 6.133 6.8017 -1.8329
73 1960-01-01 5.91 7.3752 6.179 7.3611 6.6259 -0.2866 -0.4203 5.7763 6.3117 -1.8306
74 1960-02-01 7.65 7.3746 7.919 7.3599 8.3659 0.5634 -0.4216 6.6651 8.0517 -1.8284
75 1960-03-01 7.73 6.2997 9.0732 6.3819 9.4218 -0.9374 -1.3995 7.2679 8.9022 -1.8262
76 1960-04-01 9.52 6.299 10.8632 6.3806 11.2118 0.2059 -1.4008 7.9133 10.6922 -1.8239
77 1960-05-01 8.15 6.2984 9.4932 6.3793 9.8418 -0.9679 -1.4021 7.7158 9.3222 -1.8217
78 1960-06-01 7.03 6.2977 8.3732 6.3781 8.7218 -1.7371 -1.4033 7.3638 8.2022 -1.8195
79 1960-07-01 7.87 6.297 9.2132 6.3768 9.5618 -0.792 -1.4046 7.2574 9.0422 -1.8172
80 1960-08-01 6.83 6.2964 8.1732 6.3755 8.5218 -1.2957 -1.4059 6.7199 8.0022 -1.815
81 1960-09-01 6.87 6.2957 8.2132 6.3743 8.5618 -0.3746 -1.4071 5.8375 8.0422 -1.8128
82 1960-10-01 7.5 6.2951 8.8432 6.373 9.1918 0.5136 -1.4084 5.578 8.6722 -1.8105
83 1960-11-01 5.3 6.2944 6.6432 6.3717 6.9918 -1.3565 -1.4097 5.2469 6.4722 -1.8083
84 1960-12-01 2.67 6.2937 4.0132 6.3705 4.3618 -3.882 -1.4109 5.1411 3.8422 -1.8061
85 1961-01-01 4.76 6.2931 6.1032 6.3692 6.4518 -1.4366 -1.4122 4.7844 5.9322 -1.8038
86 1961-02-01 7.38 6.2924 8.7232 6.368 9.0718 0.2934 -1.4135 5.6732 8.5522 -1.8016
87 1961-03-01 5.93 6.2917 7.2732 6.3667 7.6218 -2.7374 -1.4147 7.2527 7.1022 -1.7994
88 1961-04-01 6.76 6.2911 8.1032 6.3654 8.4518 -2.5541 -1.416 7.8981 7.9322 -1.7971
89 1961-05-01 6.34 6.2904 7.6832 6.3642 8.0318 -2.7779 -1.4173 7.7007 7.5122 -1.7949
90 1961-06-01 5.98 6.2898 7.3232 6.3629 7.6718 -2.7871 -1.4185 7.3486 7.1522 -1.7927
91 1961-07-01 6.91 6.2891 8.2532 6.3616 8.6018 -1.752 -1.4198 7.2422 8.0822 -1.7904
92 1961-08-01 6.41 6.2884 7.7532 6.3604 8.1018 -1.7157 -1.4211 6.7047 7.5822 -1.7882
93 1961-09-01 7 6.2878 8.3432 6.3591 8.6918 -0.2446 -1.4223 5.8223 8.1722 -1.786
94 1961-10-01 6.29 6.2871 7.6332 6.3578 7.9818 -0.6964 -1.4236 5.5628 7.4622 -1.7837
95 1961-11-01 7.15 6.2865 8.4932 6.3566 8.8418 0.4935 -1.4249 5.2317 8.3222 -1.7815
96 1961-12-01 6.15 6.2858 7.4932 6.3553 7.8418 -0.402 -1.4261 5.1259 7.3222 -1.7793
97 1962-01-01 4.72 6.2851 6.0632 6.354 6.4118 -1.4766 -1.4274 4.7692 5.8922 -1.7771
98 1962-02-01 4.64 6.2845 5.9832 6.3528 6.3318 -2.4466 -1.4286 5.658 5.8122 -1.7748
99 1962-03-01 6.6 6.2838 7.9432 6.3515 8.2918 -2.0674 -1.4299 7.2375 7.7722 -1.7726
100 1962-04-01 8.61 6.2832 9.9532 6.3502 10.3018 -0.7041 -1.4312 7.8829 9.7822 -1.7704
101 1962-05-01 7.99 6.2825 9.3332 6.349 9.6818 -1.1279 -1.4324 7.6855 9.1622 -1.7681
102 1962-06-01 7.7 6.2818 9.0432 6.3477 9.3918 -1.0671 -1.4337 7.3334 8.8722 -1.7659
103 1962-07-01 6.7 6.2812 8.0432 6.3464 8.3918 -1.962 -1.435 7.227 7.8722 -1.7637
104 1962-08-01 5.5 6.2805 6.8432 6.3452 7.1918 -2.6257 -1.4362 6.6895 6.6722 -1.7614
105 1962-09-01 5.41 6.2798 6.7532 6.3439 7.1018 -1.8346 -1.4375 5.8071 6.5822 -1.7592
106 1962-10-01 5.14 6.2792 6.4832 6.3426 6.8318 -1.8464 -1.4388 5.5476 6.3122 -1.757
107 1962-11-01 7.5 6.2785 8.8432 6.3414 9.1918 0.8435 -1.44 5.2165 8.6722 -1.7547
108 1962-12-01 6.15 6.2779 7.4932 6.3401 7.8418 -0.402 -1.4413 5.1107 7.3222 -1.7525
109 1963-01-01 3.85 6.2772 5.1932 6.3388 5.5418 -2.3466 -1.4426 4.754 5.0222 -1.7503
110 1963-02-01 5.31 6.2765 6.6532 6.3376 7.0018 -1.7766 -1.4438 5.6428 6.4822 -1.748
111 1963-03-01 8.24 6.2759 9.5832 6.3363 9.9318 -0.4274 -1.4451 7.2223 9.4122 -1.7458
112 1963-04-01 6.37 6.2752 7.7132 6.335 8.0618 -2.9441 -1.4464 7.8677 7.5422 -1.7436
113 1963-05-01 8.06 6.2746 9.4032 6.3338 9.7518 -1.0579 -1.4476 7.6703 9.2322 -1.7413
114 1963-06-01 7.07 6.2739 8.4132 6.3325 8.7618 -1.6971 -1.4489 7.3182 8.2422 -1.7391
115 1963-07-01 6.32 6.2732 7.6632 6.3312 8.0118 -2.342 -1.4502 7.2118 7.4922 -1.7369
116 1963-08-01 4.99 6.2726 6.3332 6.33 6.6818 -3.1357 -1.4514 6.6743 6.1622 -1.7346
117 1963-09-01 4.09 6.2719 5.4332 6.3287 5.7818 -3.1546 -1.4527 5.7919 5.2622 -1.7324
118 1963-10-01 5.68 6.2712 7.0232 6.3275 7.3718 -1.3064 -1.454 5.5324 6.8522 -1.7302
119 1963-11-01 6.69 6.2706 8.0332 6.3262 8.3818 0.0335 -1.4552 5.2013 7.8622 -1.7279
120 1963-12-01 5.09 6.2699 6.4332 6.3249 6.7818 -1.462 -1.4565 5.0955 6.2622 -1.7257
121 1964-01-01 8.08 6.2693 9.4232 6.3237 9.7718 1.8834 -1.4578 4.7389 9.2522 -1.7235
122 1964-02-01 6.93 6.2686 8.2732 6.3224 8.6218 -0.1566 -1.459 5.6276 8.1022 -1.7212
123 1964-03-01 7.33 6.2679 8.6732 6.3211 9.0218 -1.3374 -1.4603 7.2071 8.5022 -1.719
124 1964-04-01 9.02 6.2673 10.3632 6.3199 10.7118 -0.2941 -1.4616 7.8525 10.1922 -1.7168
125 1964-05-01 7.81 6.2666 9.1532 6.3186 9.5018 -1.3079 -1.4628 7.6551 8.9822 -1.7145
126 1964-06-01 5.77 6.266 7.1132 6.3173 7.4618 -2.9971 -1.4641 7.303 6.9422 -1.7123
127 1964-07-01 6.94 6.2653 8.2832 6.3161 8.6318 -1.722 -1.4654 7.1966 8.1122 -1.7101
128 1964-08-01 7.14 6.2646 8.4832 6.3148 8.8318 -0.9857 -1.4666 6.6591 8.3122 -1.7079
129 1964-09-01 6.68 6.264 8.0232 6.3135 8.3718 -0.5646 -1.4679 5.7767 7.8522 -1.7056
130 1964-10-01 4.58 6.2633 5.9232 6.3123 6.2718 -2.4064 -1.4692 5.5172 5.7522 -1.7034
131 1964-11-01 5.19 6.2627 6.5332 6.311 6.8818 -1.4665 -1.4704 5.1861 6.3622 -1.7012
132 1964-12-01 5.44 6.262 6.7832 6.3097 7.1318 -1.112 -1.4717 5.0803 6.6122 -1.6989
133 1965-01-01 3.92 6.2613 5.2632 6.3085 5.6118 -2.2766 -1.4729 4.7237 5.0922 -1.6967
134 1965-02-01 5.46 6.2607 6.8032 6.3072 7.1518 -1.6266 -1.4742 5.6124 6.6322 -1.6945
135 1965-03-01 5.43 6.26 6.7732 6.3059 7.1218 -3.2374 -1.4755 7.1919 6.6022 -1.6922
136 1965-04-01 6.57 6.2593 7.9132 6.3047 8.2618 -2.7441 -1.4767 7.8373 7.7422 -1.69
137 1965-05-01 7.02 6.2587 8.3632 6.3034 8.7118 -2.0979 -1.478 7.6399 8.1922 -1.6878
138 1965-06-01 7.57 6.258 8.9132 6.3021 9.2618 -1.1971 -1.4793 7.2879 8.7422 -1.6855
139 1965-07-01 5.93 6.2574 7.2732 6.3009 7.6218 -2.732 -1.4805 7.1814 7.1022 -1.6833
140 1965-08-01 4.36 5.5738 6.3861 5.6484 6.7037 -3.7657 -2.1331 5.9927 6.5364 -1.6811
141 1965-09-01 3.61 5.5732 5.6361 5.6471 5.9537 -3.6346 -2.1343 5.1103 5.7864 -1.6788
142 1965-10-01 4.64 5.5725 6.6661 5.6458 6.9837 -2.3464 -2.1356 4.8508 6.8164 -1.6766
143 1965-11-01 2.84 5.5718 4.8661 5.6446 5.1837 -3.8165 -2.1369 4.5197 5.0164 -1.6744
144 1965-12-01 5.16 5.5712 7.1861 5.6433 7.5037 -1.392 -2.1381 4.4139 7.3364 -1.6721
145 1966-01-01 4.11 5.5705 6.1361 5.642 6.4537 -2.0866 -2.1394 4.0572 6.2864 -1.6699
146 1966-02-01 4.39 5.5698 6.4161 5.6408 6.7337 -2.6966 -2.1407 4.946 6.5664 -1.6677
147 1966-03-01 7.33 5.5692 9.3561 5.6395 9.6737 -1.3374 -2.1419 6.5255 9.5064 -1.6654
148 1966-04-01 6.87 5.5685 8.8961 5.6382 9.2137 -2.4441 -2.1432 7.1709 9.0464 -1.6632
149 1966-05-01 7.38 5.5679 9.4061 5.637 9.7237 -1.7379 -2.1445 6.9735 9.5564 -1.661
150 1966-06-01 5.55 5.5672 7.5761 5.6357 7.8937 -3.2171 -2.1457 6.6214 7.7264 -1.6587
151 1966-07-01 4.88 5.5665 6.9061 5.6344 7.2237 -3.782 -2.147 6.515 7.0564 -1.6565
152 1966-08-01 6.31 5.5659 8.3361 5.6332 8.6537 -1.8157 -2.1483 5.9775 8.4864 -1.6543
153 1966-09-01 3.21 5.5652 5.2361 5.6319 5.5537 -4.0346 -2.1495 5.0951 5.3864 -1.652
154 1966-10-01 4.29 5.5646 6.3161 5.6306 6.6337 -2.6964 -2.1508 4.8356 6.4664 -1.6498
155 1966-11-01 4.42 5.5639 6.4461 5.6294 6.7637 -2.2365 -2.152 4.5045 6.5964 -1.6476
156 1966-12-01 5.87 5.5632 7.8961 5.6281 8.2137 -0.682 -2.1533 4.3987 8.0464 -1.6453
157 1967-01-01 5.7 5.5626 7.7261 5.6268 8.0437 -0.4966 -2.1546 4.042 7.8764 -1.6431
158 1967-02-01 4.11 5.5619 6.1361 5.6256 6.4537 -2.9766 -2.1558 4.9308 6.2864 -1.6409
159 1967-03-01 6.27 5.5613 8.2961 5.6243 8.6137 -2.3974 -2.1571 6.5103 8.4464 -1.6386
160 1967-04-01 5.92 5.5606 7.9461 5.623 8.2637 -3.3941 -2.1584 7.1557 8.0964 -1.6364
161 1967-05-01 4.43 5.5599 6.4561 5.6218 6.7737 -4.6879 -2.1596 6.9583 6.6064 -1.6342
162 1967-06-01 4.79 5.5593 6.8161 5.6205 7.1337 -3.9771 -2.1609 6.6062 6.9664 -1.632
163 1967-07-01 5.37 5.5586 7.3961 5.6192 7.7137 -3.292 -2.1622 6.4998 7.5464 -1.6297
164 1967-08-01 4.27 5.5579 6.2961 5.618 6.6137 -3.8557 -2.1634 5.9623 6.4464 -1.6275
165 1967-09-01 3.37 5.5573 5.3961 5.6167 5.7137 -3.8746 -2.1647 5.0799 5.5464 -1.6253
166 1967-10-01 5.61 5.5566 7.6361 5.6154 7.9537 -1.3764 -2.166 4.8204 7.7864 -1.623
167 1967-11-01 3.79 5.556 5.8161 5.6142 6.1337 -2.8665 -2.1672 4.4893 5.9664 -1.6208
168 1967-12-01 5.94 5.5553 7.9661 5.6129 8.2837 -0.612 -2.1685 4.3835 8.1164 -1.6186
169 1968-01-01 6.48 5.5546 8.5061 5.6116 8.8237 0.2834 -2.1698 4.0268 8.6564 -1.6163
170 1968-02-01 4.13 5.554 6.1561 5.6104 6.4737 -2.9566 -2.171 4.9156 6.3064 -1.6141
171 1968-03-01 5.88 5.5533 7.9061 5.6091 8.2237 -2.7874 -2.1723 6.4951 8.0564 -1.6119
172 1968-04-01 8.46 5.5527 10.4861 5.6079 10.8037 -0.8541 -2.1736 7.1405 10.6364 -1.6096
173 1968-05-01 6.4 5.552 8.4261 5.6066 8.7437 -2.7179 -2.1748 6.9431 8.5764 -1.6074
174 1968-06-01 7.06 5.5513 9.0861 5.6053 9.4037 -1.7071 -2.1761 6.591 9.2364 -1.6052
175 1968-07-01 6.99 5.5507 9.0161 5.6041 9.3337 -1.672 -2.1774 6.4846 9.1664 -1.6029
176 1968-08-01 5.47 5.55 7.4961 5.6028 7.8137 -2.6557 -2.1786 5.9471 7.6464 -1.6007
177 1968-09-01 5.62 5.5494 7.6461 5.6015 7.9637 -1.6246 -2.1799 5.0647 7.7964 -1.5985
178 1968-10-01 6.08 5.5487 8.1061 5.6003 8.4237 -0.9064 -2.1812 4.8052 8.2564 -1.5962
179 1968-11-01 4.41 5.548 6.4361 5.599 6.7537 -2.2465 -2.1824 4.4741 6.5864 -1.594
180 1968-12-01 4.49 5.5474 6.5161 5.5977 6.8337 -2.062 -2.1837 4.3683 6.6664 -1.5918
181 1969-01-01 3.88 5.5467 5.9061 5.5965 6.2237 -2.3166 -2.185 4.0117 6.0564 -1.5895
182 1969-02-01 4.97 5.546 6.9961 5.5952 7.3137 -2.1166 -2.1862 4.9004 7.1464 -1.5873
183 1969-03-01 6.24 5.5454 8.2661 5.5939 8.5837 -2.4274 -2.1875 6.4799 8.4164 -1.5851
184 1969-04-01 7.57 5.5447 9.5961 5.5927 9.9137 -1.7441 -2.1888 7.1253 9.7464 -1.5828
185 1969-05-01 7.6 5.5441 9.6261 5.5914 9.9437 -1.5179 -2.19 6.9279 9.7764 -1.5806
186 1969-06-01 5.7 5.5434 7.7261 5.5901 8.0437 -3.0671 -2.1913 6.5758 7.8764 -1.5784
187 1969-07-01 6.77 5.5427 8.7961 5.5889 9.1137 -1.892 -2.1925 6.4694 8.9464 -1.5761
188 1969-08-01 6.71 5.5421 8.7361 5.5876 9.0537 -1.4157 -2.1938 5.9319 8.8864 -1.5739
189 1969-09-01 5.21 5.5414 7.2361 5.5863 7.5537 -2.0346 -2.1951 5.0495 7.3864 -1.5717
190 1969-10-01 3.56 5.5408 5.5861 5.5851 5.9037 -3.4264 -2.1963 4.79 5.7364 -1.5694
191 1969-11-01 4.06 5.5401 6.0861 5.5838 6.4037 -2.5965 -2.1976 4.4589 6.2364 -1.5672
192 1969-12-01 3.2 5.5394 5.2261 5.5825 5.5437 -3.352 -2.1989 4.3531 5.3764 -1.565
193 1970-01-01 3.03 5.5388 5.0561 5.5813 5.3737 -3.1666 -2.2001 3.9965 5.2064 -1.5628
194 1970-02-01 3.29 5.5381 5.3161 5.58 5.6337 -3.7966 -2.2014 4.8852 5.4664 -1.5605
195 1970-03-01 7.15 5.5374 9.1761 5.5787 9.4937 -1.5174 -2.2027 6.4647 9.3264 -1.5583
196 1970-04-01 8.76 5.5368 10.7861 5.5775 11.1037 -0.5541 -2.2039 7.1101 10.9364 -1.5561
197 1970-05-01 6.75 5.5361 8.7761 5.5762 9.0937 -2.3679 -2.2052 6.9127 8.9264 -1.5538
198 1970-06-01 7.46 5.5355 9.4861 5.5749 9.8037 -1.3071 -2.2065 6.5607 9.6364 -1.5516
199 1970-07-01 6.09 5.5348 8.1161 5.5737 8.4337 -2.572 -2.2077 6.4542 8.2664 -1.5494
200 1970-08-01 5.97 5.5341 7.9961 5.5724 8.3137 -2.1557 -2.209 5.9167 8.1464 -1.5471
201 1970-09-01 6.27 5.5335 8.2961 5.5711 8.6137 -0.9746 -2.2103 5.0343 8.4464 -1.5449
202 1970-10-01 4.74 5.5328 6.7661 5.5699 7.0837 -2.2464 -2.2115 4.7748 6.9164 -1.5427
203 1970-11-01 4.16 5.5322 6.1861 5.5686 6.5037 -2.4965 -2.2128 4.4437 6.3364 -1.5404
204 1970-12-01 6.51 5.5315 8.5361 5.5673 8.8537 -0.042 -2.2141 4.3379 8.6864 -1.5382
205 1971-01-01 3.33 5.5308 5.3561 5.5661 5.6737 -2.8666 -2.2153 3.9813 5.5064 -1.536
206 1971-02-01 6.35 5.5302 8.3761 5.5648 8.6937 -0.7366 -2.2166 4.87 8.5264 -1.5337
207 1971-03-01 8.56 5.5295 10.5861 5.5636 10.9037 -0.1074 -2.2179 6.4495 10.7364 -1.5315
208 1971-04-01 7.95 5.5289 9.9761 5.5623 10.2937 -1.3641 -2.2191 7.0949 10.1264 -1.5293
209 1971-05-01 7.54 5.5282 9.5661 5.561 9.8837 -1.5779 -2.2204 6.8975 9.7164 -1.527
210 1971-06-01 5.78 5.5275 7.8061 5.5598 8.1237 -2.9871 -2.2217 6.5455 7.9564 -1.5248
211 1971-07-01 5.85 5.5269 7.8761 5.5585 8.1937 -2.812 -2.2229 6.4391 8.0264 -1.5226
212 1971-08-01 6.15 5.5262 8.1761 5.5572 8.4937 -1.9757 -2.2242 5.9016 8.3264 -1.5203
213 1971-09-01 4.47 5.5255 6.4961 5.556 6.8137 -2.7746 -2.2255 5.0191 6.6464 -1.5181
214 1971-10-01 5.59 5.5249 7.6161 5.5547 7.9337 -1.3964 -2.2267 4.7597 7.7664 -1.5159
215 1971-11-01 5.14 5.5242 7.1661 5.5534 7.4837 -1.5165 -2.228 4.4286 7.3164 -1.5136
216 1971-12-01 4.19 5.5236 6.2161 5.5522 6.5337 -2.362 -2.2293 4.3227 6.3664 -1.5114
217 1972-01-01 4.51 5.5229 6.5361 5.5509 6.8537 -1.6866 -2.2305 3.9661 6.6864 -1.5092
218 1972-02-01 4.75 5.5222 6.7761 5.5496 7.0937 -2.3366 -2.2318 4.8548 6.9264 -1.5069
219 1972-03-01 5.65 5.5216 7.6761 5.5484 7.9937 -3.0174 -2.233 6.4343 7.8264 -1.5047
220 1972-04-01 8.74 5.5209 10.7661 5.5471 11.0837 -0.5741 -2.2343 7.0797 10.9164 -1.5025
221 1972-05-01 6.81 5.5203 8.8361 5.5458 9.1537 -2.3079 -2.2356 6.8823 8.9864 -1.5002
222 1972-06-01 4.89 5.5196 6.9161 5.5446 7.2337 -3.8771 -2.2368 6.5303 7.0664 -1.498
223 1972-07-01 8 5.5189 10.0261 5.5433 10.3437 -0.662 -2.2381 6.4239 10.1764 -1.4958
224 1972-08-01 5.36 5.5183 7.3861 5.542 7.7037 -2.7657 -2.2394 5.8864 7.5364 -1.4936
225 1972-09-01 4.52 5.5176 6.5461 5.5408 6.8637 -2.7246 -2.2406 5.0039 6.6964 -1.4913
226 1972-10-01 3.81 5.5169 5.8361 5.5395 6.1537 -3.1764 -2.2419 4.7445 5.9864 -1.4891
227 1972-11-01 3.45 5.5163 5.4761 5.5382 5.7937 -3.2065 -2.2432 4.4134 5.6264 -1.4869
228 1972-12-01 4 5.5156 6.0261 5.537 6.3437 -2.552 -2.2444 4.3076 6.1764 -1.4846
229 1973-01-01 4.68 5.515 6.7061 5.5357 7.0237 -1.5166 -2.2457 3.9509 6.8564 -1.4824
230 1973-02-01 3.45 5.5143 5.4761 5.5344 5.7937 -3.6366 -2.247 4.8396 5.6264 -1.4802
231 1973-03-01 7.2 5.5136 9.2261 5.5332 9.5437 -1.4674 -2.2482 6.4192 9.3764 -1.4779
232 1973-04-01 6.34 5.513 8.3661 5.5319 8.6837 -2.9741 -2.2495 7.0646 8.5164 -1.4757
233 1973-05-01 8.02 5.5123 10.0461 5.5306 10.3637 -1.0979 -2.2508 6.8671 10.1964 -1.4735
234 1973-06-01 7.32 5.5117 9.3461 5.5294 9.6637 -1.4471 -2.252 6.5151 9.4964 -1.4712
235 1973-07-01 8.24 5.511 10.2661 5.5281 10.5837 -0.422 -2.2533 6.4087 10.4164 -1.469
236 1973-08-01 6.54 5.5103 8.5661 5.5268 8.8837 -1.5857 -2.2546 5.8712 8.7164 -1.4668
237 1973-09-01 5.28 5.5097 7.3061 5.5256 7.6237 -1.9646 -2.2558 4.9888 7.4564 -1.4645
238 1973-10-01 4.48 5.509 6.5061 5.5243 6.8237 -2.5064 -2.2571 4.7293 6.6564 -1.4623
239 1973-11-01 5.18 5.5084 7.2061 5.5231 7.5237 -1.4765 -2.2584 4.3982 7.3564 -1.4601
240 1973-12-01 5.38 5.5077 7.4061 5.5218 7.7237 -1.172 -2.2596 4.2924 7.5564 -1.4578
241 1974-01-01 4.25 5.507 6.2761 5.5205 6.5937 -1.9466 -2.2609 3.9357 6.4264 -1.4556
242 1974-02-01 5.77 5.5064 7.7961 5.5193 8.1137 -1.3166 -2.2622 4.8245 7.9464 -1.4534
243 1974-03-01 5.51 4.3628 8.679 4.5168 8.8552 -3.1574 -3.2646 5.4028 8.1261 -1.4511
244 1974-04-01 5.7 4.3621 8.869 4.5155 9.0452 -3.6141 -3.2659 6.0482 8.3161 -1.4489
245 1974-05-01 5.56 4.3615 8.729 4.5143 8.9052 -3.5579 -3.2671 5.8508 8.1761 -1.4467
246 1974-06-01 6.13 4.3608 9.299 4.513 9.4752 -2.6371 -3.2684 5.4987 8.7461 -1.4444
247 1974-07-01 4.6 4.3601 7.769 4.5117 7.9452 -4.062 -3.2697 5.3923 7.2161 -1.4422
248 1974-08-01 4.81 4.3595 7.979 4.5105 8.1552 -3.3157 -3.2709 4.8548 7.4261 -1.44
249 1974-09-01 3.76 4.3588 6.929 4.5092 7.1052 -3.4846 -3.2722 3.9724 6.3761 -1.4377
250 1974-10-01 2.36 4.3582 5.529 4.5079 5.7052 -4.6264 -3.2735 3.7129 4.9761 -1.4355
251 1974-11-01 2.85 4.3575 6.019 4.5067 6.1952 -3.8065 -3.2747 3.3818 5.4661 -1.4333
252 1974-12-01 3.26 4.3568 6.429 4.5054 6.6052 -3.292 -3.276 3.276 5.8761 -1.431
253 1975-01-01 3.02 4.3562 6.189 4.5042 6.3652 -3.1766 -3.2773 2.9194 5.6361 -1.4288
254 1975-02-01 2.48 4.3555 5.649 4.5029 5.8252 -4.6066 -3.2785 3.8081 5.0961 -1.4266
255 1975-03-01 6.5 4.3548 9.669 4.5016 9.8452 -2.1674 -3.2798 5.3876 9.1161 -1.4243
256 1975-04-01 5.21 4.3542 8.379 4.5004 8.5552 -4.1041 -3.2811 6.033 7.8261 -1.4221
257 1975-05-01 6.34 4.3535 9.509 4.4991 9.6852 -2.7779 -3.2823 5.8356 8.9561 -1.4199
258 1975-06-01 5.38 4.3529 8.549 4.4978 8.7252 -3.3871 -3.2836 5.4835 7.9961 -1.4177
259 1975-07-01 5.04 4.3522 8.209 4.4966 8.3852 -3.622 -3.2849 5.3771 7.6561 -1.4154
260 1975-08-01 4.85 4.3515 8.019 4.4953 8.1952 -3.2757 -3.2861 4.8396 7.4661 -1.4132
261 1975-09-01 3.75 4.3509 6.919 4.494 7.0952 -3.4946 -3.2874 3.9572 6.3661 -1.411
262 1975-10-01 5.5 4.3502 8.669 4.4928 8.8452 -1.4864 -3.2887 3.6977 8.1161 -1.4087
263 1975-11-01 5.47 4.3496 8.639 4.4915 8.8152 -1.1865 -3.2899 3.3666 8.0861 -1.4065
264 1975-12-01 4.3 5.8355 5.9823 5.6009 6.5348 -2.252 -2.1805 4.3715 6.2195 -1.4043
265 1976-01-01 4.22 5.8349 5.9023 5.5997 6.4548 -1.9766 -2.1817 4.0149 6.1395 -1.402
266 1976-02-01 7.01 5.8342 8.6923 5.5984 9.2448 -0.0766 -2.183 4.9036 8.9295 -1.3998
267 1976-03-01 8.32 5.8336 10.0023 5.5971 10.5548 -0.3474 -2.1843 6.4831 10.2395 -1.3976
268 1976-04-01 8 5.8329 9.6823 5.5959 10.2348 -1.3141 -2.1855 7.1285 9.9195 -1.3953
269 1976-05-01 8.65 5.8322 10.3323 5.5946 10.8848 -0.4679 -2.1868 6.9311 10.5695 -1.3931
270 1976-06-01 8.05 5.8316 9.7323 5.5933 10.2848 -0.7171 -2.1881 6.5791 9.9695 -1.3909
271 1976-07-01 7.17 5.8309 8.8523 5.5921 9.4048 -1.492 -2.1893 6.4727 9.0895 -1.3886
272 1976-08-01 4.53 5.8303 6.2123 5.5908 6.7648 -3.5957 -2.1906 5.9351 6.4495 -1.3864
273 1976-09-01 4.03 5.8296 5.7123 5.5896 6.2648 -3.2146 -2.1919 5.0527 5.9495 -1.3842
274 1976-10-01 3.92 5.8289 5.6023 5.5883 6.1548 -3.0664 -2.1931 4.7933 5.8395 -1.3819
275 1976-11-01 2.25 5.8283 3.9323 5.587 4.4848 -4.4065 -2.1944 4.4622 4.1695 -1.3797
276 1976-12-01 3.61 5.8276 5.2923 5.5858 5.8448 -2.942 -2.1957 4.3563 5.5295 -1.3775
277 1977-01-01 2.3 5.827 3.9823 5.5845 4.5348 -3.8966 -2.1969 3.9997 4.2195 -1.3752
278 1977-02-01 4.78 5.8263 6.4623 5.5832 7.0148 -2.3066 -2.1982 4.8884 6.6995 -1.373
279 1977-03-01 9.77 5.8256 11.4523 5.582 12.0048 1.1026 -2.1995 6.4679 11.6895 -1.3708
280 1977-04-01 7.43 5.825 9.1123 5.5807 9.6648 -1.8841 -2.2007 7.1133 9.3495 -1.3685
281 1977-05-01 7.36 5.8243 9.0423 5.5794 9.5948 -1.7579 -2.202 6.9159 9.2795 -1.3663
282 1977-06-01 7.83 5.8236 9.5123 5.5782 10.0648 -0.9371 -2.2033 6.5639 9.7495 -1.3641
283 1977-07-01 6.98 5.823 8.6623 5.5769 9.2148 -1.682 -2.2045 6.4575 8.8995 -1.3618
284 1977-08-01 6.79 5.8223 8.4723 5.5756 9.0248 -1.3357 -2.2058 5.92 8.7095 -1.3596
285 1977-09-01 5.12 5.8217 6.8023 5.5744 7.3548 -2.1246 -2.2071 5.0375 7.0395 -1.3574
286 1977-10-01 5.29 5.821 6.9723 5.5731 7.5248 -1.6964 -2.2083 4.7781 7.2095 -1.3551
287 1977-11-01 5.47 5.8203 7.1523 5.5718 7.7048 -1.1865 -2.2096 4.447 7.3895 -1.3529
288 1977-12-01 2.69 5.8197 4.3723 5.5706 4.9248 -3.862 -2.2108 4.3411 4.6095 -1.3507
289 1978-01-01 1.42 5.819 3.1023 5.5693 3.6548 -4.7766 -2.2121 3.9845 3.3395 -1.3485
290 1978-02-01 3.63 5.8184 5.3123 5.568 5.8648 -3.4566 -2.2134 4.8732 5.5495 -1.3462
291 1978-03-01 5.36 5.8177 7.0423 5.5668 7.5948 -3.3074 -2.2146 6.4528 7.2795 -1.344
292 1978-04-01 6.74 5.817 8.4223 5.5655 8.9748 -2.5741 -2.2159 7.0982 8.6595 -1.3418
293 1978-05-01 8.61 5.8164 10.2923 5.5642 10.8448 -0.5079 -2.2172 6.9007 10.5295 -1.3395
294 1978-06-01 6.68 5.8157 8.3623 5.563 8.9148 -2.0871 -2.2184 6.5487 8.5995 -1.3373
295 1978-07-01 6.36 5.815 8.0423 5.5617 8.5948 -2.302 -2.2197 6.4423 8.2795 -1.3351
296 1978-08-01 6.38 5.8144 8.0623 5.5604 8.6148 -1.7457 -2.221 5.9048 8.2995 -1.3328
297 1978-09-01 5.16 5.8137 6.8423 5.5592 7.3948 -2.0846 -2.2222 5.0223 7.0795 -1.3306
298 1978-10-01 4.52 5.8131 6.2023 5.5579 6.7548 -2.4664 -2.2235 4.7629 6.4395 -1.3284
299 1978-11-01 3.63 5.8124 5.3123 5.5566 5.8648 -3.0265 -2.2248 4.4318 5.5495 -1.3261
300 1978-12-01 6.1 5.8117 7.7823 5.5554 8.3348 -0.452 -2.226 4.326 8.0195 -1.3239
301 1979-01-01 2.76 5.8111 4.4423 5.5541 4.9948 -3.4366 -2.2273 3.9693 4.6795 -1.3217
302 1979-02-01 6.4 5.8104 8.0823 5.5528 8.6348 -0.6866 -2.2286 4.8581 8.3195 -1.3194
303 1979-03-01 5.88 5.8098 7.5623 5.5516 8.1148 -2.7874 -2.2298 6.4376 7.7995 -1.3172
304 1979-04-01 6.32 5.8091 8.0023 5.5503 8.5548 -2.9941 -2.2311 7.083 8.2395 -1.315
305 1979-05-01 6.61 5.8084 8.2923 5.5491 8.8448 -2.5079 -2.2324 6.8856 8.5295 -1.3127
306 1979-06-01 6.52 5.8078 8.2023 5.5478 8.7548 -2.2471 -2.2336 6.5335 8.4395 -1.3105
307 1979-07-01 6.05 5.8071 7.7323 5.5465 8.2848 -2.612 -2.2349 6.4271 7.9695 -1.3083
308 1979-08-01 4.95 5.8065 6.6323 5.5453 7.1848 -3.1757 -2.2362 5.8896 6.8695 -1.306
309 1979-09-01 4.77 5.8058 6.4523 5.544 7.0048 -2.4746 -2.2374 5.0072 6.6895 -1.3038
-999.99 1979-10-01 -999.99 -999.99 -999.99 -999.99 -999.99 -999.99 -999.99 -999.99 -999.99 -999.99
311 1979-11-01 2.13 5.8045 3.8123 5.5415 4.3648 -4.5265 -2.24 4.4166 4.0495 -1.2993
312 1979-12-01 4.97 5.8038 6.6523 5.5402 7.2048 -1.582 -2.2412 4.3108 6.8895 -1.2971
313 1980-01-01 4.44 5.8031 6.1223 5.5389 6.6748 -1.7566 -2.2425 3.9541 6.3595 -1.2949
314 1980-02-01 3.37 5.8025 5.0523 5.5377 5.6048 -3.7166 -2.2438 4.8429 5.2895 -1.2926
315 1980-03-01 6.53 5.8018 8.2123 5.5364 8.7648 -2.1374 -2.245 6.4224 8.4495 -1.2904
316 1980-04-01 7.04 4.1102 10.4133 4.2854 10.5248 -2.2741 -3.496 5.8181 9.8804 -1.2882
317 1980-05-01 6.28 4.1096 9.6533 4.2841 9.7648 -2.8379 -3.4973 5.6206 9.1204 -1.2859
318 1980-06-01 3.52 4.1089 6.8933 4.2829 7.0048 -5.2471 -3.4985 5.2686 6.3604 -1.2837
319 1980-07-01 4.35 4.1082 7.7233 4.2816 7.8348 -4.312 -3.4998 5.1622 7.1904 -1.2815
320 1980-08-01 5.05 4.1076 8.4233 4.2803 8.5348 -3.0757 -3.5011 4.6247 7.8904 -1.2792
321 1980-09-01 3.99 4.1069 7.3633 4.2791 7.4748 -3.2546 -3.5023 3.7422 6.8304 -1.277
322 1980-10-01 2.99 4.1062 6.3633 4.2778 6.4748 -3.9964 -3.5036 3.4828 5.8304 -1.2748
323 1980-11-01 4.12 4.1056 7.4933 4.2765 7.6048 -2.5365 -3.5049 3.1517 6.9604 -1.2726
324 1980-12-01 2.83 4.1049 6.2033 4.2753 6.3148 -3.722 -3.5061 3.0459 5.6704 -1.2703
325 1981-01-01 1.06 4.1043 4.4333 4.274 4.5448 -5.1366 -3.5074 2.6892 3.9004 -1.2681
326 1981-02-01 3.72 4.1036 7.0933 4.2727 7.2048 -3.3666 -3.5087 3.578 6.5604 -1.2659
327 1981-03-01 4.27 4.1029 7.6433 4.2715 7.7548 -4.3974 -3.5099 5.1575 7.1104 -1.2636
328 1981-04-01 6.57 4.1023 9.9433 4.2702 10.0548 -2.7441 -3.5112 5.8029 9.4104 -1.2614
329 1981-05-01 4.06 4.1016 7.4333 4.269 7.5448 -5.0579 -3.5125 5.6055 6.9004 -1.2592
330 1981-06-01 5.38 4.101 8.7533 4.2677 8.8648 -3.3871 -3.5137 5.2534 8.2204 -1.2569
331 1981-07-01 4.92 4.1003 8.2933 4.2664 8.4048 -3.742 -3.515 5.147 7.7604 -1.2547
332 1981-08-01 5.01 4.0996 8.3833 4.2652 8.4948 -3.1157 -3.5163 4.6095 7.8504 -1.2525
333 1981-09-01 4.2 4.099 7.5733 4.2639 7.6848 -3.0446 -3.5175 3.7271 7.0404 -1.2502
334 1981-10-01 4.27 4.0983 7.6433 4.2626 7.7548 -2.7164 -3.5188 3.4676 7.1104 -1.248
335 1981-11-01 3.7 4.0977 7.0733 4.2614 7.1848 -2.9565 -3.5201 3.1365 6.5404 -1.2458
336 1981-12-01 3.01 4.097 6.3833 4.2601 6.4948 -3.542 -3.5213 3.0307 5.8504 -1.2435
337 1982-01-01 2.84 4.0963 6.2133 4.2588 6.3248 -3.3566 -3.5226 2.674 5.6804 -1.2413
338 1982-02-01 5.01 4.0957 8.3833 4.2576 8.4948 -2.0766 -3.5239 3.5628 7.8504 -1.2391
339 1982-03-01 4.53 4.095 7.9033 4.2563 8.0148 -4.1374 -3.5251 5.1423 7.3704 -1.2368
340 1982-04-01 6.47 4.0943 9.8433 4.255 9.9548 -2.8441 -3.5264 5.7877 9.3104 -1.2346
341 1982-05-01 5.8 4.0937 9.1733 4.2538 9.2848 -3.3179 -3.5277 5.5903 8.6404 -1.2324
342 1982-06-01 4.84 4.093 8.2133 4.2525 8.3248 -3.9271 -3.5289 5.2382 7.6804 -1.2301
343 1982-07-01 4.39 4.0924 7.7633 4.2512 7.8748 -4.272 -3.5302 5.1318 7.2304 -1.2279
344 1982-08-01 4.6 4.0917 7.9733 4.25 8.0848 -3.5257 -3.5314 4.5943 7.4404 -1.2257
345 1982-09-01 4.09 5.4166 6.1377 5.288 6.5357 -3.1546 -2.4934 4.7512 6.6962 -1.2234
346 1982-10-01 5.72 5.4159 7.7677 5.2867 8.1657 -1.2664 -2.4947 4.4917 8.3262 -1.2212
347 1982-11-01 3.28 5.4153 5.3277 5.2855 5.7257 -3.3765 -2.496 4.1606 5.8862 -1.219
348 1982-12-01 5.5 5.4146 7.5477 5.2842 7.9457 -1.052 -2.4972 4.0548 8.1062 -1.2167
349 1983-01-01 4.54 5.4139 6.5877 5.2829 6.9857 -1.6566 -2.4985 3.6981 7.1462 -1.2145
350 1983-02-01 5.27 5.4133 7.3177 5.2817 7.7157 -1.8166 -2.4998 4.5869 7.8762 -1.2123
351 1983-03-01 5.64 5.4126 7.6877 5.2804 8.0857 -3.0274 -2.501 6.1664 8.2462 -1.21
352 1983-04-01 4.95 5.4119 6.9977 5.2791 7.3957 -4.3641 -2.5023 6.8118 7.5562 -1.2078
353 1983-05-01 5.36 5.4113 7.4077 5.2779 7.8057 -3.7579 -2.5035 6.6144 7.9662 -1.2056
354 1983-06-01 5.01 5.4106 7.0577 5.2766 7.4557 -3.7571 -2.5048 6.2623 7.6162 -1.2034
355 1983-07-01 5.25 5.41 7.2977 5.2753 7.6957 -3.412 -2.5061 6.1559 7.8562 -1.2011
356 1983-08-01 5.49 5.4093 7.5377 5.2741 7.9357 -2.6357 -2.5073 5.6184 8.0962 -1.1989
357 1983-09-01 4.64 5.4086 6.6877 5.2728 7.0857 -2.6046 -2.5086 4.736 7.2462 -1.1967
358 1983-10-01 3.13 5.408 5.1777 5.2715 5.5757 -3.8564 -2.5099 4.4765 5.7362 -1.1944
359 1983-11-01 5.62 5.4073 7.6677 5.2703 8.0657 -1.0365 -2.5111 4.1454 8.2262 -1.1922
360 1983-12-01 3.34 5.4067 5.3877 5.269 5.7857 -3.212 -2.5124 4.0396 5.9462 -1.19
361 1984-01-01 3.18 5.406 5.2277 5.2677 5.6257 -3.0166 -2.5137 3.6829 5.7862 -1.1877
362 1984-02-01 6.88 5.4053 8.9277 5.2665 9.3257 -0.2066 -2.5149 4.5717 9.4862 -1.1855
363 1984-03-01 5.71 5.4047 7.7577 5.2652 8.1557 -2.9574 -2.5162 6.1512 8.3162 -1.1833
364 1984-04-01 9.49 5.404 11.5377 5.2639 11.9357 0.1759 -2.5175 6.7966 12.0962 -1.181
365 1984-05-01 6.66 5.4034 8.7077 5.2627 9.1057 -2.4579 -2.5187 6.5992 9.2662 -1.1788
366 1984-06-01 5.61 5.4027 7.6577 5.2614 8.0557 -3.1571 -2.52 6.2471 8.2162 -1.1766
367 1984-07-01 6.05 5.402 8.0977 5.2601 8.4957 -2.612 -2.5213 6.1407 8.6562 -1.1743
368 1984-08-01 5.17 5.4014 7.2177 5.2589 7.6157 -2.9557 -2.5225 5.6032 7.7762 -1.1721
369 1984-09-01 6.09 5.4007 8.1377 5.2576 8.5357 -1.1546 -2.5238 4.7208 8.6962 -1.1699
370 1984-10-01 6.22 5.4 8.2677 5.2563 8.6657 -0.7664 -2.5251 4.4613 8.8262 -1.1676
371 1984-11-01 4.81 5.3994 6.8577 5.2551 7.2557 -1.8465 -2.5263 4.1302 7.4162 -1.1654
372 1984-12-01 3.41 5.3987 5.4577 5.2538 5.8557 -3.142 -2.5276 4.0244 6.0162 -1.1632
373 1985-01-01 1.85 5.3981 3.8977 5.2526 4.2957 -4.3466 -2.5289 3.6678 4.4562 -1.1609
374 1985-02-01 4.14 5.3974 6.1877 5.2513 6.5857 -2.9466 -2.5301 4.5565 6.7462 -1.1587
375 1985-03-01 7.82 7.5911 7.6734 7.5937 7.9221 -0.8474 -0.1877 8.4797 6.3486 -1.1565
376 1985-04-01 7.99 7.5904 7.8434 7.5924 8.0921 -1.3241 -0.189 9.1251 6.5186 -1.1542
377 1985-05-01 8.23 7.5897 8.0834 7.5912 8.3321 -0.8879 -0.1902 8.9277 6.7586 -1.152
378 1985-06-01 10.31 7.5891 10.1634 7.5899 10.4121 1.5429 -0.1915 8.5756 8.8386 -1.1498
379 1985-07-01 9.21 7.5884 9.0634 7.5886 9.3121 0.548 -0.1928 8.4692 7.7386 -1.1475
380 1985-08-01 9 7.5878 8.8534 7.5874 9.1021 0.8743 -0.194 7.9317 7.5286 -1.1453
381 1985-09-01 6.81 7.5871 6.6634 7.5861 6.9121 -0.4346 -0.1953 7.0493 5.3386 -1.1431
382 1985-10-01 8.04 7.5864 7.8934 7.5848 8.1421 1.0536 -0.1966 6.7898 6.5686 -1.1408
383 1985-11-01 4.39 7.5858 4.2434 7.5836 4.4921 -2.2665 -0.1978 6.4587 2.9186 -1.1386
384 1985-12-01 1.77 6.0286 3.1799 5.9145 3.5402 -4.782 -1.8669 4.6851 3.3457 -1.1364
385 1986-01-01 4.61 6.028 6.0199 5.9132 6.3802 -1.5866 -1.8682 4.3284 6.1857 -1.1342
386 1986-02-01 4.07 6.0273 5.4799 5.912 5.8402 -3.0166 -1.8694 5.2172 5.6457 -1.1319
387 1986-03-01 5.96 6.0266 7.3699 5.9107 7.7302 -2.7074 -1.8707 6.7967 7.5357 -1.1297
388 1986-04-01 6.95 6.026 8.3599 5.9094 8.7202 -2.3641 -1.872 7.4421 8.5257 -1.1275
389 1986-05-01 7.12 6.0253 8.5299 5.9082 8.8902 -1.9979 -1.8732 7.2447 8.6957 -1.1252
390 1986-06-01 7.12 6.0247 8.5299 5.9069 8.8902 -1.6471 -1.8745 6.8926 8.6957 -1.123
391 1986-07-01 6.87 6.024 8.2799 5.9056 8.6402 -1.792 -1.8758 6.7862 8.4457 -1.1208
392 1986-08-01 7.82 6.0233 9.2299 5.9044 9.5902 -0.3057 -1.877 6.2487 9.3957 -1.1185
393 1986-09-01 5.76 6.0227 7.1699 5.9031 7.5302 -1.4846 -1.8783 5.3663 7.3357 -1.1163
394 1986-10-01 3.07 6.022 4.4799 5.9018 4.8402 -3.9164 -1.8796 5.1068 4.6457 -1.1141
395 1986-11-01 6.38 6.0213 7.7899 5.9006 8.1502 -0.2765 -1.8808 4.7757 7.9557 -1.1118
396 1986-12-01 4.08 6.0207 5.4899 5.8993 5.8502 -2.472 -1.8821 4.6699 5.6557 -1.1096
397 1987-01-01 5.41 6.02 6.8199 5.8981 7.1802 -0.7866 -1.8834 4.3133 6.9857 -1.1074
398 1987-02-01 6.11 6.0194 7.5199 5.8968 7.8802 -0.9766 -1.8846 5.202 7.6857 -1.1051
399 1987-03-01 6.4 6.0187 7.8099 5.8955 8.1702 -2.2674 -1.8859 6.7815 7.9757 -1.1029
400 1987-04-01 7.65 6.018 9.0599 5.8943 9.4202 -1.6641 -1.8872 7.4269 9.2257 -1.1007
401 1987-05-01 9.09 6.0174 10.4999 5.893 10.8602 -0.0279 -1.8884 7.2295 10.6657 -1.0984
402 1987-06-01 7.5 6.0167 8.9099 5.8917 9.2702 -1.2671 -1.8897 6.8774 9.0757 -1.0962
403 1987-07-01 7.85 6.0161 9.2599 5.8905 9.6202 -0.812 -1.891 6.771 9.4257 -1.094
404 1987-08-01 7.65 6.0154 9.0599 5.8892 9.4202 -0.4757 -1.8922 6.2335 9.2257 -1.0917
405 1987-09-01 5.98 6.0147 7.3899 5.8879 7.7502 -1.2646 -1.8935 5.3511 7.5557 -1.0895
406 1987-10-01 4.15 6.0141 5.5599 5.8867 5.9202 -2.8364 -1.8948 5.0916 5.7257 -1.0873
407 1987-11-01 4.89 6.0134 6.2999 5.8854 6.6602 -1.7665 -1.896 4.7605 6.4657 -1.085
408 1987-12-01 5.98 6.0127 7.3899 5.8841 7.7502 -0.572 -1.8973 4.6547 7.5557 -1.0828
409 1988-01-01 5.6 6.0121 7.0099 5.8829 7.3702 -0.5966 -1.8986 4.2981 7.1757 -1.0806
410 1988-02-01 4.35 6.0114 5.7599 5.8816 6.1202 -2.7366 -1.8998 5.1868 5.9257 -1.0783
411 1988-03-01 8.5 6.0108 9.9099 5.8803 10.2702 -0.1674 -1.9011 6.7663 10.0757 -1.0761
412 1988-04-01 7.02 6.0101 8.4299 5.8791 8.7902 -2.2941 -1.9023 7.4117 8.5957 -1.0739
413 1988-05-01 7.79 6.0094 9.1999 5.8778 9.5602 -1.3279 -1.9036 7.2143 9.3657 -1.0716
414 1988-06-01 7.48 6.0088 8.8899 5.8765 9.2502 -1.2871 -1.9049 6.8623 9.0557 -1.0694
415 1988-07-01 7.37 6.0081 8.7799 5.8753 9.1402 -1.292 -1.9061 6.7558 8.9457 -1.0672
416 1988-08-01 7.14 6.0075 8.5499 5.874 8.9102 -0.9857 -1.9074 6.2183 8.7157 -1.0649
417 1988-09-01 6.9 6.0068 8.3099 5.8727 8.6702 -0.3446 -1.9087 5.3359 8.4757 -1.0627
418 1988-10-01 3.98 6.0061 5.3899 5.8715 5.7502 -3.0064 -1.9099 5.0764 5.5557 -1.0605
419 1988-11-01 7.39 6.0055 8.7999 5.8702 9.1602 0.7335 -1.9112 4.7453 8.9657 -1.0583
420 1988-12-01 3.99 6.0048 5.3999 5.8689 5.7602 -2.562 -1.9125 4.6395 5.5657 -1.056
421 1989-01-01 6.23 6.0042 7.6399 5.8677 8.0002 0.0334 -1.9137 4.2829 7.8057 -1.0538
422 1989-02-01 3.2 6.0035 4.6099 5.8664 4.9702 -3.8866 -1.915 5.1716 4.7757 -1.0516
423 1989-03-01 5.87 6.0028 7.2799 5.8651 7.6402 -2.7974 -1.9163 6.7511 7.4457 -1.0493
424 1989-04-01 7.14 6.0022 8.5499 5.8639 8.9102 -2.1741 -1.9175 7.3965 8.7157 -1.0471
425 1989-05-01 6.29 6.0015 7.6999 5.8626 8.0602 -2.8279 -1.9188 7.1991 7.8657 -1.0449
426 1989-06-01 8 6.0008 9.4099 5.8613 9.7702 -0.7671 -1.9201 6.8471 9.5757 -1.0426
427 1989-07-01 7.01 6.0002 8.4199 5.8601 8.7802 -1.652 -1.9213 6.7407 8.5857 -1.0404
428 1989-08-01 4.76 5.9995 6.1699 5.8588 6.5302 -3.3657 -1.9226 6.2031 6.3357 -1.0382
429 1989-09-01 4.56 5.9989 5.9699 5.8576 6.3302 -2.6846 -1.9239 5.3207 6.1357 -1.0359
430 1989-10-01 4.28 5.9982 5.6899 5.8563 6.0502 -2.7064 -1.9251 5.0613 5.8557 -1.0337
431 1989-11-01 3.69 5.9975 5.0999 5.855 5.4602 -2.9665 -1.9264 4.7302 5.2657 -1.0315
432 1989-12-01 2.42 5.9969 3.8299 5.8538 4.1902 -4.132 -1.9277 4.6243 3.9957 -1.0292
433 1990-01-01 4.95 5.9962 6.3599 5.8525 6.7202 -1.2466 -1.9289 4.2677 6.5257 -1.027
434 1990-02-01 5.41 5.9956 6.8199 5.8512 7.1802 -1.6766 -1.9302 5.1564 6.9857 -1.0248
435 1990-03-01 4.81 5.9949 6.2199 5.85 6.5802 -3.8574 -1.9315 6.7359 6.3857 -1.0225
436 1990-04-01 5.93 5.9942 7.3399 5.8487 7.7002 -3.3841 -1.9327 7.3813 7.5057 -1.0203
437 1990-05-01 6.37 5.9936 7.7799 5.8474 8.1402 -2.7479 -1.934 7.1839 7.9457 -1.0181
438 1990-06-01 6.73 5.9929 8.1399 5.8462 8.5002 -2.0371 -1.9353 6.8319 8.3057 -1.0158
439 1990-07-01 7.02 5.9923 8.4299 5.8449 8.7902 -1.642 -1.9365 6.7255 8.5957 -1.0136
440 1990-08-01 6.17 5.9916 7.5799 5.8436 7.9402 -1.9557 -1.9378 6.188 7.7457 -1.0114
441 1990-09-01 5.31 5.9909 6.7199 5.8424 7.0802 -1.9346 -1.9391 5.3055 6.8857 -1.0091
442 1990-10-01 6.06 5.9903 7.4699 5.8411 7.8302 -0.9264 -1.9403 5.0461 7.6357 -1.0069
443 1990-11-01 6.36 5.9896 7.7699 5.8398 8.1302 -0.2965 -1.9416 4.715 7.9357 -1.0047
444 1990-12-01 4.5 5.9889 5.9099 5.8386 6.2702 -2.052 -1.9428 4.6091 6.0757 -1.0024
445 1991-01-01 2.74 5.9883 4.1499 5.8373 4.5102 -3.4566 -1.9441 4.2525 4.3157 -1.0002
446 1991-02-01 5.19 5.9876 6.5999 5.836 6.9602 -1.8966 -1.9454 5.1412 6.7657 -0.998
447 1991-03-01 6.18 5.987 7.5899 5.8348 7.9502 -2.4874 -1.9466 6.7207 7.7557 -0.9957
448 1991-04-01 7.34 5.9863 8.7499 5.8335 9.1102 -1.9741 -1.9479 7.3662 8.9157 -0.9935
449 1991-05-01 6.34 5.9856 7.7499 5.8322 8.1102 -2.7779 -1.9492 7.1687 7.9157 -0.9913
450 1991-06-01 6.48 5.985 7.8899 5.831 8.2502 -2.2871 -1.9504 6.8167 8.0557 -0.9891
451 1991-07-01 6.53 5.9843 7.9399 5.8297 8.3002 -2.132 -1.9517 6.7103 8.1057 -0.9868
452 1991-08-01 5.7 5.9837 7.1099 5.8284 7.4702 -2.4257 -1.953 6.1728 7.2757 -0.9846
453 1991-09-01 5.35 5.983 6.7599 5.8272 7.1202 -1.8946 -1.9542 5.2903 6.9257 -0.9824
454 1991-10-01 4.32 5.9823 5.7299 5.8259 6.0902 -2.6664 -1.9555 5.0309 5.8957 -0.9801
455 1991-11-01 5.31 5.9817 6.7199 5.8246 7.0802 -1.3465 -1.9568 4.6998 6.8857 -0.9779
456 1991-12-01 4.05 5.981 5.4599 5.8234 5.8202 -2.502 -1.958 4.594 5.6257 -0.9757
457 1992-01-01 6.46 5.9803 7.8699 5.8221 8.2302 0.2634 -1.9593 4.2373 8.0357 -0.9734
458 1992-02-01 4.38 5.9797 5.7899 5.8208 6.1502 -2.7066 -1.9606 5.126 5.9557 -0.9712
459 1992-03-01 4.68 5.979 6.0899 5.8196 6.4502 -3.9874 -1.9618 6.7056 6.2557 -0.969
460 1992-04-01 7.1 5.9784 8.5099 5.8183 8.8702 -2.2141 -1.9631 7.351 8.6757 -0.9667
461 1992-05-01 6.35 5.9777 7.7599 5.817 8.1202 -2.7679 -1.9644 7.1536 7.9257 -0.9645
462 1992-06-01 6.63 5.977 8.0399 5.8158 8.4002 -2.1371 -1.9656 6.8015 8.2057 -0.9623
463 1992-07-01 5.88 5.9764 7.2899 5.8145 7.6502 -2.782 -1.9669 6.6951 7.4557 -0.96
464 1992-08-01 6.59 5.9757 7.9999 5.8133 8.3602 -1.5357 -1.9682 6.1576 8.1657 -0.9578
465 1992-09-01 6.15 5.9751 7.5599 5.812 7.9202 -1.0946 -1.9694 5.2752 7.7257 -0.9556
466 1992-10-01 5.95 5.9744 7.3599 5.8107 7.7202 -1.0364 -1.9707 5.0157 7.5257 -0.9533
467 1992-11-01 4.77 5.9737 6.1799 5.8095 6.5402 -1.8865 -1.972 4.6846 6.3457 -0.9511
468 1992-12-01 4.7 5.9731 6.1099 5.8082 6.4702 -1.852 -1.9732 4.5788 6.2757 -0.9489
469 1993-01-01 5.42 5.9724 6.8299 5.8069 7.1902 -0.7766 -1.9745 4.2221 6.9957 -0.9466
470 1993-02-01 4.84 5.9718 6.2499 5.8057 6.6102 -2.2466 -1.9758 5.1109 6.4157 -0.9444
471 1993-03-01 9.72 8.7542 8.3468 8.609 8.686 1.0526 0.8276 9.495 7.8054 -0.9422
472 1993-04-01 10.2 8.7535 8.8268 8.6077 9.166 0.8859 0.8263 10.1404 8.2854 -0.9399
473 1993-05-01 9.82 8.7529 8.4468 8.6064 8.786 0.7021 0.825 9.9429 7.9054 -0.9377
474 1993-06-01 9.7 8.7522 8.3268 8.6052 8.666 0.9329 0.8238 9.5909 7.7854 -0.9355
475 1993-07-01 9.27 8.7515 7.8968 8.6039 8.236 0.608 0.8225 9.4845 7.3554 -0.9332
476 1993-08-01 10.15 8.7509 8.7768 8.6026 9.116 2.0243 0.8212 8.947 8.2354 -0.931
477 1993-09-01 7.46 8.7502 6.0868 8.6014 6.426 0.2154 0.82 8.0645 5.5454 -0.9288
478 1993-10-01 5.6 8.7496 4.2268 8.6001 4.566 -1.3864 0.8187 7.8051 3.6854 -0.9265
479 1993-11-01 6.2 8.7489 4.8268 8.5988 5.166 -0.4565 0.8174 7.474 4.2854 -0.9243
480 1993-12-01 7.17 8.7482 5.7968 8.5976 6.136 0.618 0.8162 7.3682 5.2554 -0.9221
481 1994-01-01 5.98 8.7476 4.6068 8.5963 4.946 -0.2166 0.8149 7.0115 4.0654 -0.9198
482 1994-02-01 9.13 8.7469 7.7568 8.595 8.096 2.0434 0.8136 7.9003 7.2154 -0.9176
483 1994-03-01 10.46 8.7463 9.0868 8.5938 9.426 1.7926 0.8124 9.4798 8.5454 -0.9154
484 1994-04-01 9.96 8.7456 8.5868 8.5925 8.926 0.6459 0.8111 10.1252 8.0454 -0.9132
485 1994-05-01 11.13 8.7449 9.7568 8.5913 10.096 2.0121 0.8098 9.9278 9.2154 -0.9109
486 1994-06-01 10.37 8.7443 8.9968 8.59 9.336 1.6029 0.8086 9.5757 8.4554 -0.9087
487 1994-07-01 11.86 10.4453 8.7851 10.5214 8.8935 3.198 2.74 11.402 9.0204 -0.9065
488 1994-08-01 11.83 10.4447 8.7551 10.5202 8.8635 3.7043 2.7388 10.8645 8.9904 -0.9042
489 1994-09-01 9.34 10.444 6.2651 10.5189 6.3735 2.0954 2.7375 9.9821 6.5004 -0.902
490 1994-10-01 10.3 10.4433 7.2251 10.5176 7.3335 3.3136 2.7362 9.7226 7.4604 -0.8998
491 1994-11-01 12.45 10.4427 9.3751 10.5164 9.4835 5.7935 2.735 9.3915 9.6104 -0.8975
492 1994-12-01 9.15 10.442 6.0751 10.5151 6.1835 2.598 2.7337 9.2857 6.3104 -0.8953
493 1995-01-01 6.45 10.4414 3.3751 10.5138 3.4835 0.2534 2.7324 8.929 3.6104 -0.8931
494 1995-02-01 8.27 10.4407 5.1951 10.5126 5.3035 1.1834 2.7312 9.8178 5.4304 -0.8908
495 1995-03-01 10.4 10.44 7.3251 10.5113 7.4335 1.7326 2.7299 11.3973 7.5604 -0.8886
496 1995-04-01 11.74 10.4394 8.6651 10.51 8.7735 2.4259 2.7286 12.0427 8.9004 -0.8864
497 1995-05-01 13.96 10.4387 10.8851 10.5088 10.9935 4.8421 2.7274 11.8453 11.1204 -0.8841
498 1995-06-01 12.71 10.4381 9.6351 10.5075 9.7435 3.9429 2.7261 11.4932 9.8704 -0.8819
499 1995-07-01 13.12 10.4374 10.0451 10.5062 10.1535 4.458 2.7248 11.3868 10.2804 -0.8797
500 1995-08-01 10.61 10.4367 7.5351 10.505 7.6435 2.4843 2.7236 10.8493 7.7704 -0.8774
501 1995-09-01 9.69 10.4361 6.6151 10.5037 6.7235 2.4454 2.7223 9.9669 6.8504 -0.8752
502 1995-10-01 9.71 10.4354 6.6351 10.5024 6.7435 2.7236 2.721 9.7074 6.8704 -0.873
503 1995-11-01 9.26 10.4347 6.1851 10.5012 6.2935 2.6035 2.7198 9.3763 6.4204 -0.8707
504 1995-12-01 8.07 10.4341 4.9951 10.4999 5.1035 1.518 2.7185 9.2705 5.2304 -0.8685
505 1996-01-01 8.25 10.4334 5.1751 10.4987 5.2835 2.0534 2.7172 8.9139 5.4104 -0.8663
506 1996-02-01 9.58 10.4328 6.5051 10.4974 6.6135 2.4934 2.716 9.8026 6.7404 -0.864
507 1996-03-01 10.06 10.4321 6.9851 10.4961 7.0935 1.3926 2.7147 11.3821 7.2204 -0.8618
508 1996-04-01 12.18 10.4314 9.1051 10.4949 9.2135 2.8659 2.7134 12.0275 9.3404 -0.8596
509 1996-05-01 11.99 10.4308 8.9151 10.4936 9.0235 2.8721 2.7122 11.8301 9.1504 -0.8573
510 1996-06-01 11.7 10.4301 8.6251 10.4923 8.7335 2.9329 2.7109 11.478 8.8604 -0.8551
511 1996-07-01 14.1 10.4295 11.0251 10.4911 11.1335 5.438 2.7096 11.3716 11.2604 -0.8529
512 1996-08-01 12.33 10.4288 9.2551 10.4898 9.3635 4.2043 2.7084 10.8341 9.4904 -0.8506
513 1996-09-01 9.94 10.4281 6.8651 10.4885 6.9735 2.6954 2.7071 9.9517 7.1004 -0.8484
514 1996-10-01 10.26 10.4275 7.1851 10.4873 7.2935 3.2736 2.7058 9.6922 7.4204 -0.8462
515 1996-11-01 8.03 10.4268 4.9551 10.486 5.0635 1.3735 2.7046 9.3611 5.1904 -0.844
516 1996-12-01 7.85 10.4261 4.7751 10.4847 4.8835 1.298 2.7033 9.2553 5.0104 -0.8417
517 1997-01-01 6.73 10.4255 3.6551 10.4835 3.7635 0.5334 2.702 8.8987 3.8904 -0.8395
518 1997-02-01 8.29 10.4248 5.2151 10.4822 5.3235 1.2034 2.7008 9.7874 5.4504 -0.8373
519 1997-03-01 13.06 10.4242 9.9851 10.4809 10.0935 4.3926 2.6995 11.3669 10.2204 -0.835
520 1997-04-01 11.4 10.4235 8.3251 10.4797 8.4335 2.0859 2.6983 12.0123 8.5604 -0.8328
521 1997-05-01 8.59 7.3479 8.59 7.5123 8.59 -0.5279 -0.2691 8.8488 8.59 -0.8306
522 1997-06-01 9.17 7.3473 9.17 7.511 9.17 0.4029 -0.2704 8.4967 9.17 -0.8283
523 1997-07-01 8.43 7.3466 8.43 7.5097 8.43 -0.232 -0.2717 8.3903 8.43 -0.8261
524 1997-08-01 7.84 7.346 7.84 7.5085 7.84 -0.2857 -0.2729 7.8528 7.84 -0.8239
525 1997-09-01 7 7.3453 7 7.5072 7 -0.2446 -0.2742 6.9704 7 -0.8216
526 1997-10-01 8.21 7.3446 8.21 7.5059 8.21 1.2236 -0.2755 6.7109 8.21 -0.8194
527 1997-11-01 4.67 7.344 4.67 7.5047 4.67 -1.9865 -0.2767 6.3798 4.67 -0.8172
528 1997-12-01 6.02 7.3433 6.02 7.5034 6.02 -0.532 -0.278 6.274 6.02 -0.8149
529 1998-01-01 6.52 7.3427 6.52 7.5021 6.52 0.3234 -0.2793 5.9173 6.52 -0.8127
530 1998-02-01 7.22 7.342 7.22 7.5009 7.22 0.1334 -0.2805 6.8061 7.22 -0.8105
531 1998-03-01 6.62 7.3413 6.62 7.4996 6.62 -2.0474 -0.2818 8.3856 6.62 -0.8082
532 1998-04-01 8.06 7.3407 8.06 7.4983 8.06 -1.2541 -0.2831 9.031 8.06 -0.806
533 1998-05-01 8.61 7.34 8.61 7.4971 8.61 -0.5079 -0.2843 8.8336 8.61 -0.8038
534 1998-06-01 8.49 7.3393 8.49 7.4958 8.49 -0.2771 -0.2856 8.4815 8.49 -0.8015
535 1998-07-01 8.19 7.3387 8.19 7.4945 8.19 -0.472 -0.2869 8.3751 8.19 -0.7993
536 1998-08-01 8.54 7.338 8.54 7.4933 8.54 0.4143 -0.2881 7.8376 8.54 -0.7971
537 1998-09-01 7.01 7.3374 7.01 7.492 7.01 -0.2346 -0.2894 6.9552 7.01 -0.7948
538 1998-10-01 5.75 7.3367 5.75 7.4908 5.75 -1.2364 -0.2907 6.6957 5.75 -0.7926
539 1998-11-01 5.88 7.336 5.88 7.4895 5.88 -0.7765 -0.2919 6.3646 5.88 -0.7904
540 1998-12-01 8 7.3354 8 7.4882 8 1.448 -0.2932 6.2588 8 -0.7881
541 1999-01-01 5.83 7.3347 5.83 7.487 5.83 -0.3666 -0.2945 5.9022 5.83 -0.7859
542 1999-02-01 11.09 7.3341 11.09 7.4857 11.09 4.0034 -0.2957 6.7909 11.09 -0.7837
543 1999-03-01 10.21 7.3334 10.21 7.4844 10.21 1.5426 -0.297 8.3704 10.21 -0.7814
544 1999-04-01 8.99 7.3327 8.99 7.4832 8.99 -0.3241 -0.2983 9.0158 8.99 -0.7792
545 1999-05-01 8.69 7.3321 8.69 7.4819 8.69 -0.4279 -0.2995 8.8184 8.69 -0.777
546 1999-06-01 7.7 7.3314 7.7 7.4806 7.7 -1.0671 -0.3008 8.4663 7.7 -0.7747
547 1999-07-01 7.99 7.3308 7.99 7.4794 7.99 -0.672 -0.3021 8.3599 7.99 -0.7725
548 1999-08-01 7.35 7.3301 7.35 7.4781 7.35 -0.7757 -0.3033 7.8224 7.35 -0.7703
549 1999-09-01 8.2 7.3294 8.2 7.4768 8.2 0.9554 -0.3046 6.94 8.2 -0.7681
550 1999-10-01 7.23 7.3288 7.23 7.4756 7.23 0.2436 -0.3058 6.6805 7.23 -0.7658
551 1999-11-01 4.52 7.3281 4.52 7.4743 4.52 -2.1365 -0.3071 6.3494 4.52 -0.7636
552 1999-12-01 6 7.3274 6 7.473 6 -0.552 -0.3084 6.2436 6 -0.7614
553 2000-01-01 6.3 7.3268 6.3 7.4718 6.3 0.1034 -0.3096 5.887 6.3 -0.7591
554 2000-02-01 6.13 7.3261 6.13 7.4705 6.13 -0.9566 -0.3109 6.7757 6.13 -0.7569
555 2000-03-01 8.37 7.3255 8.37 7.4692 8.37 -0.2974 -0.3122 8.3552 8.37 -0.7547
556 2000-04-01 9.09 7.3248 9.09 7.468 9.09 -0.2241 -0.3134 9.0006 9.09 -0.7524
557 2000-05-01 9.54 7.3241 9.54 7.4667 9.54 0.4221 -0.3147 8.8032 9.54 -0.7502
558 2000-06-01 10.16 7.3235 10.16 7.4654 10.16 1.3929 -0.316 8.4512 10.16 -0.748
559 2000-07-01 8.53 7.3228 8.53 7.4642 8.53 -0.132 -0.3172 8.3447 8.53 -0.7457
560 2000-08-01 8.3 7.3222 8.3 7.4629 8.3 0.1743 -0.3185 7.8072 8.3 -0.7435
561 2000-09-01 6.51 7.3215 6.51 7.4616 6.51 -0.7346 -0.3198 6.9248 6.51 -0.7413
562 2000-10-01 7.06 7.3208 7.06 7.4604 7.06 0.0736 -0.321 6.6653 7.06 -0.739
563 2000-11-01 4.08 7.3202 4.08 7.4591 4.08 -2.5765 -0.3223 6.3342 4.08 -0.7368
564 2000-12-01 3.54 7.3195 3.54 7.4578 3.54 -3.012 -0.3236 6.2284 3.54 -0.7346
565 2001-01-01 4.48 7.3188 4.48 7.4566 4.48 -1.7166 -0.3248 5.8718 4.48 -0.7323
566 2001-02-01 6.41 7.3182 6.41 7.4553 6.41 -0.6766 -0.3261 6.7605 6.41 -0.7301
567 2001-03-01 8.14 7.3175 8.14 7.454 8.14 -0.5274 -0.3274 8.34 8.14 -0.7279
568 2001-04-01 9.67 7.3169 9.67 7.4528 9.67 0.3559 -0.3286 8.9854 9.67 -0.7256
569 2001-05-01 8.93 7.3162 8.93 7.4515 8.93 -0.1879 -0.3299 8.788 8.93 -0.7234
570 2001-06-01 8.86 7.3155 8.86 7.4503 8.86 0.0929 -0.3312 8.436 8.86 -0.7212
571 2001-07-01 8.17 7.3149 8.17 7.449 8.17 -0.492 -0.3324 8.3296 8.17 -0.7189
572 2001-08-01 9.44 7.3142 9.44 7.4477 9.44 1.3143 -0.3337 7.7921 9.44 -0.7167
573 2001-09-01 7.85 7.3136 7.85 7.4465 7.85 0.6054 -0.335 6.9096 7.85 -0.7145
574 2001-10-01 7.48 7.3129 7.48 7.4452 7.48 0.4936 -0.3362 6.6502 7.48 -0.7122
575 2001-11-01 6.9 7.3122 6.9 7.4439 6.9 0.2435 -0.3375 6.3191 6.9 -0.71
576 2001-12-01 6.14 7.3116 6.14 7.4427 6.14 -0.412 -0.3388 6.2132 6.14 -0.7078
577 2002-01-01 5.45 7.3109 5.45 7.4414 5.45 -0.7466 -0.34 5.8566 5.45 -0.7055
578 2002-02-01 6.74 7.3103 6.74 7.4401 6.74 -0.3466 -0.3413 6.7453 6.74 -0.7033
579 2002-03-01 7.14 7.3096 7.14 7.4389 7.14 -1.5274 -0.3426 8.3248 7.14 -0.7011
580 2002-04-01 8.89 7.3089 8.89 7.4376 8.89 -0.4241 -0.3438 8.9702 8.89 -0.6989
581 2002-05-01 8.81 7.3083 8.81 7.4363 8.81 -0.3079 -0.3451 8.7728 8.81 -0.6966
582 2002-06-01 9.92 7.3076 9.92 7.4351 9.92 1.1529 -0.3464 8.4208 9.92 -0.6944
583 2002-07-01 8.81 7.3069 8.81 7.4338 8.81 0.148 -0.3476 8.3144 8.81 -0.6922
584 2002-08-01 8.62 7.3063 8.62 7.4325 8.62 0.4943 -0.3489 7.7769 8.62 -0.6899
585 2002-09-01 8.34 7.3056 8.34 7.4313 8.34 1.0954 -0.3501 6.8944 8.34 -0.6877
586 2002-10-01 4.84 7.305 4.84 7.43 4.84 -2.1464 -0.3514 6.635 4.84 -0.6855
587 2002-11-01 5.18 7.3043 5.18 7.4287 5.18 -1.4765 -0.3527 6.3039 5.18 -0.6832
588 2002-12-01 5.64 7.3036 5.64 7.4275 5.64 -0.912 -0.3539 6.198 5.64 -0.681
589 2003-01-01 4.99 7.303 4.99 7.4262 4.99 -1.2066 -0.3552 5.8414 4.99 -0.6788
590 2003-02-01 4.96 7.3023 4.96 7.4249 4.96 -2.1266 -0.3565 6.7301 4.96 -0.6765
591 2003-03-01 10.06 7.3017 10.06 7.4237 10.06 1.3926 -0.3577 8.3097 10.06 -0.6743
592 2003-04-01 9.91 7.301 9.91 7.4224 9.91 0.5959 -0.359 8.9551 9.91 -0.6721
593 2003-05-01 8.89 7.3003 8.89 7.4211 8.89 -0.2279 -0.3603 8.7576 8.89 -0.6698
594 2003-06-01 10.23 7.2997 10.23 7.4199 10.23 1.4629 -0.3615 8.4056 10.23 -0.6676
595 2003-07-01 8.45 7.299 8.45 7.4186 8.45 -0.212 -0.3628 8.2992 8.45 -0.6654
596 2003-08-01 8.75 7.2983 8.75 7.4173 8.75 0.6243 -0.3641 7.7617 8.75 -0.6631
597 2003-09-01 7.55 7.2977 7.55 7.4161 7.55 0.3054 -0.3653 6.8793 7.55 -0.6609
598 2003-10-01 7.87 7.297 7.87 7.4148 7.87 0.8836 -0.3666 6.6198 7.87 -0.6587
599 2003-11-01 5.37 7.2964 5.37 7.4135 5.37 -1.2865 -0.3679 6.2887 5.37 -0.6564
600 2003-12-01 6.91 7.2957 6.91 7.4123 6.91 0.358 -0.3691 6.1829 6.91 -0.6542
601 2004-01-01 4.23 7.295 4.23 7.411 4.23 -1.9666 -0.3704 5.8262 4.23 -0.652
602 2004-02-01 4.78 7.2944 4.78 7.4098 4.78 -2.3066 -0.3717 6.715 4.78 -0.6497
603 2004-03-01 8.46 7.2937 8.46 7.4085 8.46 -0.2074 -0.3729 8.2945 8.46 -0.6475
604 2004-04-01 8.13 7.2931 8.13 7.4072 8.13 -1.1841 -0.3742 8.9399 8.13 -0.6453
605 2004-05-01 8.19 7.2924 8.19 7.406 8.19 -0.9279 -0.3755 8.7425 8.19 -0.643
606 2004-06-01 8.84 7.2917 8.84 7.4047 8.84 0.0729 -0.3767 8.3904 8.84 -0.6408
607 2004-07-01 9.19 7.2911 9.19 7.4034 9.19 0.528 -0.378 8.284 9.19 -0.6386
608 2004-08-01 6.65 7.2904 6.65 7.4022 6.65 -1.4757 -0.3793 7.7465 6.65 -0.6363
609 2004-09-01 6.41 7.2898 6.41 7.4009 6.41 -0.8346 -0.3805 6.8641 6.41 -0.6341
610 2004-10-01 5.91 7.2891 5.91 7.3996 5.91 -1.0764 -0.3818 6.6046 5.91 -0.6319
611 2004-11-01 5.24 7.2884 5.24 7.3984 5.24 -1.4165 -0.3831 6.2735 5.24 -0.6297
612 2004-12-01 4.57 7.2878 4.57 7.3971 4.57 -1.982 -0.3843 6.1677 4.57 -0.6274
